11221 0.180 286.4 117.1 360.0 266.1
4069 0.000 69.6 319.7 189.2 360.0
11701 0.000 50.7 1.0 146.3 207.0
4486 0.000 433.0 32.4 360.0 324.2
5427 0.000 119.5 48.5 187.2 93.8
4480 0.000 19.2 178.3 84.4 282.9
11500 0.016 116.2 189.6 219.4 257.6
5723 0.013 148.2 31.8 270.0 75.6
14854 0.000 204.4 173.7 259.4 232.4
5549 0.000 188.6 68.0 270.0 221.0
3003 1.000 41.2 33.4 220.0 223.5
5666 0.000 387.5 1.0 360.0 293.2
4208 0.000 71.7 45.8 151.2 190.8
4085 0.000 208.9 287.6 259.0 360.0
4862 0.000 141.5 1.0 202.0 189.1
5082 0.000 254.7 59.5 358.4 232.4
10025 0.000 54.5 55.3 248.8 323.5
14825 0.922 18.8 1.0 106.0 96.2
4793 0.000 398.3 1.0 360.0 134.2
4592 0.000 146.4 114.5 194.9 280.9
14946 0.000 221.7 2.5 286.1 158.3
3659 0.000 78.9 203.2 227.1 353.7
4569 0.001 20.0 10.5 357.2 311.2
9203 0.000 48.3 123.6 173.6 167.4
4162 0.000 82.3 151.1 173.3 344.2
4522 0.000 187.0 8.5 201.0 76.4
11559 0.015 49.1 222.9 96.6 267.3
4365 0.000 122.0 69.2 202.4 192.7
11845 0.000 17.5 244.3 212.5 360.0
3981 0.000 107.7 202.6 212.4 360.0
10506 0.000 99.0 196.1 151.5 315.5
9607 0.000 234.3 150.5 356.2 312.8
11550 0.000 168.8 41.6 229.1 150.9
13661 0.000 170.4 125.5 224.8 321.0
11593 0.000 205.6 240.8 312.3 327.2
11948 0.010 17.2 176.7 70.0 274.7
4811 0.000 223.5 1.0 202.0 190.2
9342 0.000 43.2 89.7 100.8 260.4
14655 0.000 115.7 1.0 197.7 261.8
4154 0.999 52.4 1.4 252.8 217.4
12794 0.000 45.5 4.7 335.5 343.4
3759 0.000 18.1 193.6 64.2 250.5
4070 0.022 293.7 256.0 345.9 348.8
3567 0.001 244.8 32.7 297.7 126.3
11768 0.000 433.6 299.7 537.0 497.9
12337 0.000 57.1 66.1 106.6 141.2
4462 0.060 66.8 217.7 152.0 265.6
4622 0.000 79.1 3.0 176.5 194.5
4934 0.005 114.7 55.4 277.5 334.6
9545 0.000 32.5 191.8 98.2 238.1
4627 0.002 143.1 61.4 187.1 102.6
14970 0.000 16.8 226.7 105.0 360.0
3236 0.000 217.8 1.0 328.7 144.3
4681 0.000 192.0 1.0 216.0 61.6
4491 0.002 176.5 158.3 272.1 306.0
14355 0.000 178.5 68.9 305.6 291.5
14868 0.000 333.9 1.0 360.0 99.0
10833 0.000 273.6 121.8 202.0 177.3
11498 1.000 4.2 85.4 232.0 264.8
11274 0.000 216.2 1.0 202.0 173.0
10294 0.999 5.7 130.1 331.2 348.6
4779 0.002 76.6 1.0 202.0 188.8
4332 0.001 128.5 99.1 186.1 200.9
3073 0.002 132.3 45.3 271.4 285.0
3306 0.000 173.9 128.4 249.7 237.1
14987 0.000 190.0 1.0 371.5 278.7
9831 0.185 91.5 260.8 142.2 360.0
3528 0.000 139.2 1.0 186.8 81.5
9549 0.000 167.9 157.2 256.1 353.2
4702 0.001 27.9 151.0 244.9 337.0
4410 1.000 96.1 183.6 191.9 264.6
3093 0.000 116.9 1.0 188.3 92.0
9216 0.000 25.1 178.9 111.6 382.6
4330 0.986 171.3 132.1 361.7 359.5
12289 0.001 115.5 1.0 280.7 350.9
5225 0.000 95.3 1.0 263.0 151.5
11146 0.000 380.3 79.0 360.0 343.8
12246 0.055 364.0 1.0 360.0 338.3
14996 0.000 20.2 151.4 68.5 269.5
4090 0.000 35.4 121.7 268.6 344.0
3987 0.000 56.7 119.3 158.9 186.5
10508 0.000 112.9 88.8 320.7 240.7
4065 0.000 97.9 75.7 195.4 197.4
12080 0.000 55.2 1.0 213.9 304.7
11150 0.000 436.9 1.0 360.0 341.7
4490 0.001 156.2 279.5 213.0 353.7
9507 1.000 53.8 97.3 206.2 263.0
3042 0.938 264.8 265.3 324.1 332.9
9846 0.000 188.9 439.7 242.6 360.0
3107 0.000 87.7 1.0 176.7 71.5
11071 1.000 115.7 23.2 241.8 234.0
5370 0.219 103.2 191.3 151.7 241.2
10541 0.000 103.4 208.5 158.8 264.7
4218 0.000 134.1 165.4 410.2 360.0
5718 0.000 11.8 114.5 59.7 183.8
5655 0.000 170.9 111.2 256.7 174.6
14979 0.000 99.2 139.9 143.5 227.1
4374 0.000 221.0 3.6 270.0 100.5
4514 0.000 53.4 222.6 133.2 346.0
3541 0.000 35.7 59.0 172.8 194.6
12396 0.977 139.3 84.2 223.3 233.9
12127 0.000 257.4 146.5 270.0 234.2
4479 0.000 95.9 242.0 145.6 360.0
3965 0.000 47.4 51.3 168.1 259.1
5094 0.013 228.2 114.7 350.1 188.2
12117 0.000 209.3 180.8 268.0 360.0
14930 0.000 236.6 1.0 202.0 194.5
4005 0.010 173.4 261.2 221.3 341.0
4235 0.000 59.7 1.1 120.8 247.5
5194 0.002 240.4 96.2 320.4 252.3
10620 0.000 289.4 286.9 333.3 360.0
4801 0.009 116.7 209.4 194.6 338.5
3927 0.000 209.0 72.5 202.0 187.4
3151 1.000 1.0 190.4 220.4 352.6
4450 0.000 306.7 113.9 353.3 227.0
4856 0.000 20.6 47.2 87.1 175.0
4126 0.000 88.0 1.0 146.0 239.9
5125 0.000 141.9 69.8 261.1 196.1
4384 0.000 170.6 69.0 247.0 275.7
5311 0.000 62.1 46.3 114.8 156.9
13807 0.000 210.8 257.0 272.1 344.7
3227 0.000 181.5 249.1 274.9 431.0
14740 0.000 89.2 39.6 160.8 155.1
3309 0.000 25.6 26.5 110.6 105.1
11012 0.000 75.4 124.2 296.5 360.0
11410 0.002 380.9 1.0 360.0 335.6
3934 0.000 110.1 1.0 294.8 316.6
5079 0.000 142.5 93.0 197.2 186.7
3931 0.150 100.2 162.2 154.6 204.4
4790 0.000 13.2 242.8 129.1 360.0
12177 0.000 261.0 225.7 314.3 360.0
14899 0.002 226.3 179.3 309.4 310.5
3334 0.004 221.9 156.5 285.4 265.9
14590 0.999 98.6 76.0 210.1 265.7
3021 0.000 269.9 1.0 347.6 68.0
5948 0.000 456.0 110.9 360.0 331.3
14704 0.000 91.5 25.9 367.1 360.0
9502 0.000 147.0 102.5 224.4 313.8
14699 0.000 103.6 48.2 314.5 360.0
10994 0.000 55.5 171.9 99.9 281.9
9448 0.000 186.7 119.1 241.7 240.2
4411 0.000 155.8 119.5 218.5 247.2
5841 0.001 53.0 1.0 166.2 203.1
11994 0.018 45.2 45.5 117.4 114.0
3955 0.001 102.1 74.6 203.9 203.0
4457 0.000 33.5 249.9 198.4 361.7
11829 0.006 44.5 184.3 106.6 262.9
4104 0.000 123.5 144.2 171.2 219.0
14950 0.001 156.2 248.9 228.3 327.9
11174 0.002 143.1 132.6 209.0 205.2
3194 0.010 76.9 35.2 149.7 136.9
11705 0.000 24.4 1.0 270.0 255.4
4264 0.082 126.1 161.2 173.2 251.8
14325 1.000 147.0 139.5 309.0 335.7
11380 1.000 4.6 88.8 226.2 261.7
9113 0.000 79.6 171.5 127.8 273.4
10647 0.000 156.6 49.2 219.1 179.8
3941 0.000 96.7 1.0 388.2 360.0
14440 0.997 85.3 19.1 260.8 258.6
4129 0.001 8.5 71.6 58.9 326.9
10997 0.000 149.1 32.7 348.3 360.0
4020 0.513 198.6 16.2 338.2 73.1
4764 0.000 18.5 483.4 109.6 360.0
5501 0.007 100.7 145.2 208.2 320.4
4560 0.000 135.4 8.3 200.6 155.9
14926 0.000 4.7 278.9 51.1 360.0
4953 0.001 197.5 233.2 252.6 360.0
14584 0.000 160.3 74.2 216.6 244.8
5129 0.000 389.4 131.7 360.0 264.5
4760 0.000 169.2 95.9 296.9 342.9
13949 0.000 103.2 1.0 146.8 122.3
10119 0.000 140.6 67.9 236.5 209.7
10977 0.000 69.5 125.3 178.5 197.8
9510 0.008 6.8 38.3 105.3 276.0
11170 0.000 140.7 60.3 267.4 282.8
4513 0.009 356.2 1.0 360.0 291.5
9450 0.756 97.0 279.8 171.5 351.0
11941 0.006 98.1 221.2 161.4 264.5
5232 0.009 180.2 77.9 243.2 147.9
11299 0.999 106.1 80.6 157.0 168.0
10840 0.000 65.3 119.7 192.0 199.7
4759 0.000 241.8 1.0 216.0 203.3
9125 0.000 307.7 1.0 203.0 49.5
5702 1.000 1.0 250.4 234.8 356.0
11398 0.000 369.5 1.0 360.0 340.1
4144 0.001 241.2 19.6 339.7 161.5
5221 0.000 94.7 1.0 180.9 197.2
4348 0.000 100.5 42.2 230.2 160.8
11103 0.000 309.2 147.2 358.3 257.4
5814 0.004 34.5 184.6 83.3 264.7
3895 0.061 79.2 209.0 157.9 332.8
3718 1.000 11.8 18.4 343.3 310.6
9584 0.000 14.5 217.1 86.7 331.6
4234 0.001 160.0 95.5 231.1 243.8
5802 0.000 300.6 89.9 270.0 253.1
5981 0.014 6.6 233.8 95.5 325.4
14493 0.999 148.9 201.7 347.8 354.0
10659 0.000 142.6 5.5 192.6 211.3
5492 0.011 42.7 133.1 116.0 294.1
3940 0.004 106.1 94.1 170.5 195.3
4076 0.002 144.5 97.4 327.9 325.8
3524 0.000 18.8 1.0 121.9 92.4
11180 0.000 21.2 38.9 135.5 192.0
4257 0.000 108.3 249.9 168.7 347.6
14378 0.000 140.7 1.0 201.8 123.6
11204 0.000 239.0 12.4 360.0 175.3
4367 0.000 415.7 1.0 360.0 341.7
4135 0.003 136.0 2.3 216.8 85.5
14798 0.129 40.1 137.4 134.4 264.0
11075 0.000 60.5 125.6 182.1 202.6
4765 0.000 75.0 190.9 214.4 352.0
14851 1.000 28.1 7.9 360.0 352.0
12378 0.000 220.6 113.0 326.9 301.8
4901 0.001 220.3 1.0 202.0 191.2
12036 1.000 53.2 123.0 210.6 218.8
3952 0.000 66.8 5.5 196.2 230.2
3962 0.000 204.2 105.5 259.3 240.7
4572 0.000 21.5 336.9 127.1 360.0
4727 0.000 122.5 175.3 188.1 343.9
3574 1.000 41.4 67.9 263.6 265.8
14347 0.000 57.1 200.9 106.9 266.1
4292 1.000 42.7 1.0 184.2 153.1
11010 0.000 82.4 175.8 168.8 350.4
11788 0.005 24.1 1.0 146.8 103.9
5017 0.000 10.5 206.0 65.4 266.4
4852 0.000 31.2 29.6 107.9 185.9
14937 0.000 110.1 128.4 165.8 265.9
3889 0.002 120.3 220.3 175.6 345.9
4580 0.000 111.3 337.3 176.9 360.0
11712 0.073 105.3 240.0 161.5 315.1
12275 0.000 185.5 15.2 300.3 285.7
4133 0.000 36.3 58.6 145.0 231.7
5799 1.000 76.8 1.0 249.9 144.5
4377 0.000 92.3 197.2 240.0 312.6
9754 0.001 133.2 72.8 214.5 259.3
4928 0.017 27.3 1.0 88.3 82.3
9297 0.000 34.1 119.2 77.3 200.2
3161 0.000 190.9 198.4 239.3 330.4
14336 0.000 42.9 47.3 98.3 185.7
3440 0.000 142.0 97.0 373.8 325.1
11193 0.000 129.1 152.6 181.9 227.5
3273 0.001 40.7 134.8 166.3 262.9
11161 0.000 88.5 120.7 190.4 195.0
4761 0.001 78.9 79.9 209.9 229.1
13682 0.030 113.0 4.4 195.2 169.5
4161 0.000 126.2 1.0 360.0 287.2
4326 0.000 130.7 1.0 191.8 193.6
4584 0.005 30.7 233.1 120.8 328.2
4874 0.000 215.6 23.1 262.9 221.5
9625 0.000 160.8 113.0 212.7 240.7
10696 0.000 75.6 250.4 206.3 339.7
9733 1.000 3.2 14.3 190.0 198.4
4517 0.001 14.1 219.1 70.8 339.7
11135 0.000 131.0 97.5 237.0 344.9
14802 0.000 122.1 199.0 207.3 287.8
9523 0.999 114.7 96.2 298.6 290.2
4978 0.000 17.9 122.0 79.2 225.0
3709 0.000 129.0 225.8 246.0 359.7
4373 0.000 208.9 216.8 252.4 360.0
3947 0.000 86.2 1.0 462.2 269.8
4335 0.999 9.2 1.0 185.7 190.4
11038 0.999 4.9 203.2 329.6 353.0
12040 0.000 172.2 183.3 268.3 337.9
11790 0.006 97.5 231.8 225.3 360.0
5918 0.000 13.7 114.6 100.0 166.5
4451 0.000 81.8 237.5 159.1 360.0
11935 0.001 126.9 133.6 172.7 277.5
11035 0.000 118.9 287.7 196.5 355.6
13947 0.000 199.1 1.0 246.9 204.0
14376 0.977 51.2 173.7 114.8 293.6
4920 0.000 115.8 270.9 173.0 359.1
12205 0.996 1.0 1.0 238.5 261.2
5484 0.013 58.0 165.1 146.1 318.7
3033 0.008 145.4 229.8 217.9 291.9
5502 0.000 234.9 64.7 202.0 180.5
3969 0.001 230.1 9.9 303.3 158.2
4131 0.000 187.2 198.2 238.3 266.8
12015 0.000 126.5 34.0 183.7 322.3
14894 0.000 81.5 3.6 270.0 194.8
9760 0.000 92.4 313.0 234.1 360.0
3126 0.000 21.3 1.0 261.0 252.3
4194 0.000 291.5 123.5 423.9 382.3
4342 0.000 224.6 9.4 340.8 265.6
9408 0.000 224.5 162.7 319.7 305.2
4324 0.007 104.1 125.0 251.3 334.0
5913 0.002 5.3 111.7 77.6 310.5
4756 0.000 262.3 1.0 327.1 238.1
10190 0.000 26.5 1.0 256.1 275.0
3030 0.003 20.6 1.0 202.0 187.5
5291 0.000 95.2 70.9 417.1 360.0
5879 0.999 104.9 58.1 348.9 369.2
10524 0.000 61.7 114.5 301.1 167.9
4561 0.065 137.0 219.1 187.1 308.8
4908 0.000 390.4 1.9 360.0 235.6
5813 0.986 74.9 29.5 152.6 187.9
4401 0.016 105.4 183.6 149.1 229.2
4758 0.003 141.6 277.4 201.3 360.0
11819 0.000 11.3 109.9 102.2 262.4
5832 1.000 68.3 43.2 152.2 155.7
5001 0.020 10.4 182.2 66.4 264.0
12713 0.000 111.6 111.3 182.9 157.8
4474 0.002 172.8 108.9 330.6 329.0
4588 0.053 99.4 87.3 156.6 229.0
11060 0.000 37.4 117.7 162.9 194.9
9144 0.000 2.1 131.6 63.6 329.8
5219 0.000 107.4 1.0 160.6 51.3
12195 0.728 81.0 175.4 146.5 242.8
11774 0.000 77.8 1.0 376.4 275.1
9907 0.000 134.4 287.0 180.9 360.0
4667 0.000 58.4 1.0 346.3 53.1
4376 0.000 38.6 329.6 135.1 360.0
11189 0.000 82.5 38.4 130.4 83.5
4531 0.002 220.2 13.4 335.2 162.3
11055 0.000 72.4 132.1 117.7 174.5
4488 0.000 281.1 1.0 270.0 72.1
4443 0.004 123.7 221.3 199.2 334.7
14918 0.947 169.2 271.9 215.9 350.4
4565 0.000 265.6 215.8 308.1 345.7
10505 0.000 223.5 1.0 202.0 188.8
3046 0.000 154.3 88.5 202.0 123.6
3263 0.000 238.4 101.5 321.6 191.9
5183 0.000 121.5 17.9 229.8 92.8
4035 0.000 50.5 74.5 207.8 260.3
5334 0.006 9.7 173.1 58.5 289.7
5144 0.005 142.0 1.0 196.6 121.3
3687 0.001 85.0 1.0 204.6 252.8
4853 0.000 164.3 237.8 275.9 360.0
9835 0.000 114.0 1.0 155.1 136.8
3255 1.000 133.5 105.9 298.0 306.6
11565 0.003 229.8 227.7 275.2 341.8
3077 0.000 61.6 113.4 139.0 173.7
14904 0.000 502.9 1.0 360.0 341.7
4869 0.000 4.7 259.5 56.4 360.0
14178 0.000 309.2 147.2 358.3 257.4
4404 1.000 74.6 248.0 325.8 355.8
4119 0.002 44.7 57.6 96.2 114.4
5386 0.000 288.3 1.0 270.0 253.9
4338 0.002 191.2 54.9 282.0 132.9
11373 0.000 149.5 232.3 242.1 308.2
10669 0.000 263.3 1.0 434.4 138.5
10290 0.000 40.7 80.5 114.1 182.1
14734 1.000 66.6 188.7 208.6 266.5
5976 0.002 27.8 113.2 77.1 210.0
4108 0.116 154.4 20.0 202.0 158.8
4750 0.000 210.7 154.9 350.6 300.4
4089 0.898 128.9 7.8 172.5 54.1
4589 0.000 19.6 1.0 112.8 40.0
14377 0.000 22.2 248.4 132.8 360.0
3219 0.000 291.8 1.0 270.0 256.6
10371 0.000 21.0 242.9 130.6 360.0
4077 0.000 19.8 288.3 129.6 360.0
9554 0.000 32.1 302.0 282.7 360.0
10744 0.000 86.8 1.0 187.1 158.4
4747 0.997 4.1 125.3 270.0 260.6
11081 0.002 6.2 134.4 58.9 183.4
14944 0.000 10.6 33.5 70.0 127.7
4838 0.000 63.6 1.0 187.3 140.9
4446 0.000 239.4 129.5 317.6 344.1
4500 0.000 100.4 95.6 150.0 151.7
4472 0.000 213.3 144.2 332.6 249.3
9503 0.001 251.3 33.1 351.1 106.2
4277 0.000 14.9 74.2 139.3 238.4
14823 0.001 181.8 42.8 226.9 110.2
4530 0.000 17.9 88.1 73.9 193.1
3060 0.910 187.7 278.7 258.0 339.1
5428 0.001 115.2 136.9 187.3 327.6
4469 0.000 75.7 10.1 122.9 65.6
5073 0.000 94.7 94.5 205.0 253.5
5973 0.002 120.1 236.8 181.6 333.9
4775 0.000 61.7 1.0 135.3 255.9
11789 0.000 19.1 4.0 79.7 124.2
9293 0.013 19.0 1.0 213.8 203.6
4118 0.000 194.2 92.5 239.9 205.5
4638 0.009 35.5 151.4 101.0 259.8
3335 0.000 186.8 93.6 231.1 209.7
4515 0.006 79.9 176.4 172.4 265.6
4361 0.000 11.3 332.6 66.8 360.0
14775 0.013 34.0 176.6 106.2 242.6
4083 0.001 86.0 144.2 185.6 234.6
14756 0.000 129.9 158.7 259.5 269.3
10251 0.000 227.3 1.0 202.0 188.6
4120 0.000 98.3 29.5 250.1 218.4
5822 0.718 175.2 31.6 221.2 77.6
4804 0.000 80.8 211.2 141.8 268.0
11435 0.001 157.4 177.0 202.4 293.5
4058 0.000 26.0 9.9 213.2 345.6
4221 0.000 116.5 95.8 165.7 195.7
12330 0.049 157.6 279.2 331.8 334.5
5947 0.000 163.5 61.5 212.0 135.2
4254 0.000 88.6 141.0 153.2 199.7
9870 0.000 74.8 160.1 165.6 278.3
14931 0.999 51.1 90.6 138.5 187.3
5852 0.000 222.4 95.2 312.0 313.6
12460 0.000 177.6 18.2 269.3 154.7
5335 0.000 13.3 98.3 65.2 155.0
12714 0.000 186.6 168.3 317.1 348.1
3068 0.000 195.3 61.3 255.0 180.5
4229 0.000 27.0 283.3 118.7 353.7
14703 0.000 170.2 1.0 270.0 141.2
14658 0.001 108.6 111.8 175.0 173.2
4611 0.001 212.9 118.4 360.0 341.0
5244 0.000 13.0 377.7 76.7 360.0
4433 0.000 249.4 15.0 372.5 355.5
4847 0.996 145.1 119.7 302.4 325.1
4372 0.000 92.2 297.7 138.0 360.0
9421 0.000 216.4 109.7 263.8 213.9
3202 0.000 21.9 97.9 112.8 263.8
11536 0.534 5.0 214.1 51.9 299.8
4666 0.000 376.7 63.8 360.0 320.4
11013 0.000 168.9 290.5 254.0 360.0
4098 0.000 392.7 1.0 360.0 332.0
12269 0.000 80.1 251.4 131.7 360.0
11159 0.001 180.2 37.9 239.7 100.3
4508 0.000 49.2 59.9 129.8 136.7
10288 0.000 95.1 125.9 168.8 201.2
5344 0.000 134.5 124.9 178.9 209.3
11278 0.000 175.5 102.8 202.0 147.9
12145 1.000 80.3 21.1 374.6 309.7
4445 0.001 155.9 159.4 252.1 360.0
14264 0.000 214.2 207.9 276.1 330.3
4719 0.000 58.5 167.1 147.3 198.9
4064 0.000 35.2 269.9 110.7 349.3
11008 0.000 73.0 28.4 202.0 62.9
3911 0.000 128.2 109.0 206.6 190.5
4057 0.000 86.9 381.0 140.6 360.0
4806 0.000 33.5 1.0 87.4 147.7
11129 0.000 293.0 127.2 356.7 229.4
9373 0.000 5.7 1.0 67.8 61.0
4814 1.000 1.1 23.4 200.5 201.6
11772 0.000 104.9 56.2 202.1 181.3
5749 0.006 388.7 1.0 360.0 336.9
4521 0.000 68.1 189.1 166.2 267.5
10949 0.179 64.1 219.7 158.0 318.3
11394 0.000 69.2 137.0 116.2 229.1
10909 0.000 232.6 113.4 270.0 156.1
4784 0.000 65.0 164.5 239.5 220.0
12099 0.000 169.0 138.6 302.0 347.0
4281 0.001 133.9 83.4 186.0 178.3
14370 0.000 17.9 160.7 124.2 286.9
11105 0.000 175.4 65.1 331.8 341.1
4145 1.000 6.8 81.4 281.1 348.6
4835 0.999 112.3 57.0 215.4 217.0
14489 0.000 46.2 203.9 234.6 360.0
14826 0.000 15.3 107.0 72.5 241.6
14321 0.000 211.7 75.1 263.1 153.8
3629 0.943 16.4 1.0 184.3 245.3
4128 0.001 165.3 1.0 237.0 148.1
3509 0.035 45.6 230.2 106.5 323.9
4440 0.000 183.6 312.5 231.0 360.0
3461 0.000 29.8 66.6 75.4 103.6
4466 0.997 18.7 1.0 308.5 325.7
3017 1.000 44.7 13.5 268.2 262.6
12002 0.009 256.2 6.0 360.0 59.2
10293 0.001 189.5 174.0 283.5 415.5
11514 0.091 40.4 1.0 128.2 256.9
4103 1.000 38.7 80.8 232.7 234.1
14567 0.000 84.3 1.0 221.6 246.3
11114 0.000 173.2 34.3 280.0 260.6
4091 0.001 13.5 151.3 70.5 201.4
4336 0.000 29.1 171.4 160.0 238.6
4421 0.000 34.1 178.5 346.2 347.0
13588 1.000 14.3 1.0 166.8 196.4
4475 0.000 107.3 133.9 196.9 254.2
4354 0.742 38.9 166.3 164.1 237.4
4910 0.002 107.7 112.7 153.6 209.7
4272 0.001 106.4 39.8 160.4 159.6
10049 1.000 62.1 10.2 259.7 239.0
4095 0.003 140.0 1.0 188.7 46.7
4523 0.000 54.1 160.6 145.8 214.9
14506 0.214 85.7 175.2 138.8 257.2
11014 0.003 82.6 1.0 164.5 62.3
14807 0.000 22.3 1.0 114.6 116.9
5807 0.002 12.0 23.3 133.9 98.6
14566 1.000 34.8 14.7 358.8 349.2
4363 0.000 348.8 61.3 360.0 258.4
12342 0.000 12.4 1.0 270.0 256.2
4329 0.997 8.1 147.6 223.7 326.0
4559 0.590 15.5 67.4 360.4 296.0
10609 0.000 93.1 91.6 270.0 163.4
14586 0.000 36.1 206.1 185.2 295.0
12051 0.000 33.0 161.5 305.1 349.4
3401 0.000 147.0 119.6 272.1 323.4
4238 0.001 111.7 79.0 164.6 190.5
11494 0.000 7.0 36.7 69.8 223.6
5698 0.001 47.2 197.2 99.1 235.8
12271 0.132 6.1 174.4 75.8 334.5
4261 0.000 15.8 1.0 97.8 55.8
3982 0.001 188.2 161.9 240.6 236.8
11365 0.000 72.7 212.3 161.5 301.0
3163 0.000 153.4 4.0 210.3 191.4
5483 0.000 326.6 35.2 372.7 127.7
9298 0.000 92.0 94.1 140.1 269.2
14682 0.000 221.6 194.7 317.9 354.0
3972 0.000 301.9 68.9 270.0 146.6
4864 1.000 1.0 5.2 261.3 258.6
11406 0.000 120.0 123.9 172.3 253.7
5656 0.000 110.2 178.8 156.9 275.7
4230 0.000 108.8 12.5 165.9 154.2
3324 0.153 147.5 153.4 351.5 353.5
4369 0.002 211.1 1.0 202.0 191.3
5175 0.000 17.2 1.0 69.0 106.5
9994 0.000 86.7 219.2 449.4 360.0
4192 0.000 4.3 101.4 53.9 337.7
3025 0.000 180.0 96.4 242.7 246.0
5103 0.000 124.9 75.1 244.3 225.2
14220 1.000 163.0 19.0 360.4 360.0
9202 0.001 240.9 1.0 216.0 178.3
5451 0.001 135.7 175.3 224.0 308.4
10501 1.000 87.1 90.5 269.7 277.5
4922 0.000 392.0 1.0 360.0 312.3
3011 0.008 36.2 109.5 92.2 149.9
5743 0.000 71.6 68.0 140.5 116.7
12292 0.728 81.0 175.4 146.5 242.8
11824 0.007 175.3 1.0 280.4 303.7
5576 0.085 56.1 173.2 128.6 337.9
14733 0.018 127.1 290.8 175.9 360.0
3413 0.006 179.0 64.7 252.2 110.9
4256 1.000 53.3 54.5 354.3 357.9
4278 0.982 135.9 70.5 337.3 268.0
3133 0.001 119.0 164.4 216.3 277.1
11740 0.000 238.1 91.5 270.0 198.8
4079 0.002 135.3 19.3 181.6 101.9
4408 0.000 256.8 1.0 342.4 89.9
14730 0.000 152.4 23.6 204.7 228.2
3977 0.003 60.7 127.8 174.1 211.2
4950 0.289 168.8 74.8 215.9 119.1
11434 0.000 254.5 49.4 317.9 127.0
12010 0.101 81.0 178.8 187.7 288.6
4886 0.000 28.0 6.2 237.8 229.1
12130 0.000 116.0 74.6 321.0 191.1
4169 0.931 7.1 9.0 313.4 352.1
9553 1.000 159.4 122.8 301.6 300.5
14696 0.000 11.2 242.4 138.5 360.0
3407 1.000 14.9 126.0 164.1 265.5
10069 0.016 89.0 16.4 136.5 184.7
5309 0.000 380.6 1.0 360.0 237.4
4695 0.238 180.0 16.5 239.9 118.2
4902 0.000 170.7 77.6 266.8 349.6
10601 0.000 181.9 1.0 256.5 109.8
5075 0.002 130.4 300.8 208.1 354.9
4088 0.000 377.4 1.0 360.0 101.1
4481 0.000 122.0 18.0 240.5 187.9
4422 0.000 85.0 1.0 172.5 198.3
9128 0.000 125.1 52.2 269.5 360.0
13559 0.000 100.8 39.7 255.1 261.9
11787 1.000 26.1 58.5 252.6 270.3
11201 0.000 201.5 143.5 284.1 297.4
5359 0.000 13.8 309.6 69.4 360.0
14993 0.000 67.8 112.3 118.7 217.3
10995 0.000 151.2 63.9 344.9 360.0
5541 0.000 92.9 39.5 382.5 360.0
4786 0.000 239.6 1.0 202.0 185.4
3651 0.000 67.5 26.7 220.4 99.9
4924 1.000 1.0 123.0 275.8 350.1
11960 0.000 13.1 1.0 186.0 295.4
4015 0.001 284.7 146.3 360.0 227.5
4788 0.000 260.2 239.5 316.3 317.3
4527 0.000 49.8 271.5 103.4 360.0
4467 0.000 390.3 1.0 360.0 344.0
14693 0.000 82.7 160.3 142.6 264.5
3070 0.000 163.7 26.9 251.9 322.7
9245 0.532 85.5 150.7 171.0 322.6
3039 0.000 74.1 32.5 181.2 189.2
5789 0.000 118.2 35.3 170.9 120.2
14962 0.000 17.8 268.0 116.9 360.0
11202 0.002 19.6 205.8 82.6 253.0
4981 0.000 173.2 29.9 389.5 331.6
10154 0.000 147.9 1.0 250.6 316.6
4464 0.000 151.1 214.1 220.3 360.0
4772 0.001 214.6 21.3 202.0 194.4
4393 0.116 44.4 69.1 127.1 143.2
9631 0.002 116.0 106.9 214.8 222.3
5069 0.991 212.6 1.0 362.0 260.7
9801 0.000 36.3 469.1 214.8 360.0
9743 0.000 206.5 1.0 202.0 61.6
14842 0.000 187.7 13.9 270.0 179.3
11592 0.991 36.6 266.2 116.0 337.5
5176 0.000 83.5 112.1 146.4 206.3
14965 1.000 78.2 70.3 220.1 234.2
14563 0.000 116.1 293.5 176.5 360.0
9218 0.000 57.8 239.0 116.4 360.0
4288 0.000 52.6 89.9 183.5 229.3
3333 0.000 379.0 199.2 360.0 305.2
14742 0.000 100.2 238.9 153.3 320.4
5087 0.000 17.8 33.2 231.3 209.1
11218 0.000 37.2 61.3 170.6 202.5
3596 0.000 256.7 172.0 311.1 360.0
9243 0.999 3.7 151.2 210.2 263.4
9303 0.000 206.2 139.6 271.6 302.7
4415 0.578 54.6 186.6 103.5 263.2
9551 0.001 286.2 1.0 270.0 253.7
4107 0.000 77.1 1.0 360.0 327.8
14371 0.000 133.8 265.8 194.5 360.0
11281 0.000 265.1 1.0 270.0 81.3
4851 0.031 177.8 215.1 222.7 322.9
4349 0.000 355.7 135.7 360.0 359.5
10993 0.000 50.7 83.7 107.9 132.1
9525 0.000 383.4 1.0 360.0 334.9
14765 0.000 112.3 1.0 180.6 153.0
3926 1.000 174.9 133.8 310.4 360.0
5113 0.000 108.1 1.0 155.6 244.0
11590 0.000 352.4 1.0 360.0 274.5
9627 0.000 44.0 1.0 180.0 257.1
4916 0.000 149.9 1.0 202.0 76.5
14694 0.000 254.0 82.2 331.3 245.5
13757 0.001 78.0 13.7 132.6 236.5
3052 0.717 41.3 1.0 129.2 123.2
5941 0.000 237.2 1.0 201.0 189.3
4494 0.006 65.3 166.8 123.4 247.7
11231 0.000 367.4 66.8 360.0 179.1
4012 0.000 94.4 41.2 149.0 154.4
4637 0.000 10.0 268.1 78.7 360.0
4645 0.000 190.8 1.0 202.0 168.2
3125 0.002 371.5 1.0 360.0 342.0
12038 0.000 232.2 216.8 321.4 360.0
11082 0.001 118.2 121.2 201.3 214.1
4489 0.000 149.5 97.4 237.5 312.4
11166 0.000 227.7 1.0 202.0 168.6
4925 0.000 5.5 70.9 151.2 203.8
3295 0.000 48.5 17.1 98.5 63.6
4418 0.002 7.1 118.9 88.9 202.9
11505 0.000 122.3 24.2 215.9 223.7
10773 0.000 341.1 1.0 360.0 332.8
11113 0.000 420.1 1.0 360.0 333.5
9317 0.009 52.5 16.5 161.1 124.8
14368 0.000 62.1 131.9 144.2 244.6
4081 0.003 108.8 19.4 180.3 91.3
10368 0.000 63.9 247.6 149.7 360.0
11258 0.008 6.6 274.4 54.9 339.6
11073 0.011 17.8 115.3 107.5 152.4
3953 0.000 157.4 215.0 225.1 337.8
11443 0.074 176.1 174.8 360.0 292.4
4778 0.000 371.0 88.6 360.0 352.3
3428 0.000 13.5 305.4 76.1 360.0
11162 1.000 75.5 44.0 360.0 360.0
5624 0.000 135.4 91.2 198.5 184.8
4432 0.000 9.5 1.0 58.8 36.3
11646 0.000 227.7 1.0 202.0 192.9
14574 0.001 122.0 235.8 189.1 319.4
14646 0.000 31.5 20.5 346.3 360.0
4503 0.000 48.4 70.1 153.0 171.0
4075 0.000 41.2 63.5 360.0 359.7
4400 0.000 124.6 24.6 194.7 151.5
12095 0.000 211.4 184.1 281.4 327.5
4409 0.000 108.8 9.6 208.0 149.9
4371 0.000 7.4 1.0 137.5 133.5
4300 0.000 83.0 1.0 203.1 282.9
11216 0.015 102.5 222.0 183.9 267.0
5439 0.000 40.9 157.2 102.7 199.5
5938 0.000 58.4 294.8 154.7 356.6
10987 0.999 106.6 80.2 262.8 289.1
4839 0.000 194.4 41.0 202.0 103.5
9407 0.340 143.5 253.9 197.6 328.5
3050 0.000 234.4 13.1 282.7 283.3
4113 0.000 10.8 280.7 68.7 360.0
5469 0.008 31.9 8.5 119.3 109.3
4996 0.000 126.9 124.5 198.4 258.2
4823 0.000 19.6 120.9 79.1 263.9
11093 0.000 112.4 62.8 154.2 191.9
11167 0.000 197.0 164.4 251.2 222.8
14557 0.009 15.3 178.9 246.3 322.4
4423 0.105 66.0 100.5 128.4 157.8
10246 0.000 213.3 240.7 315.4 360.0
11320 0.995 102.6 69.8 228.5 221.3
5058 0.002 20.0 81.1 75.9 128.7
9479 0.001 207.1 1.0 202.0 189.1
3172 0.000 85.9 90.8 158.8 191.0
14346 1.000 69.4 8.5 270.0 259.0
11801 0.000 13.3 180.0 72.4 264.1
4004 0.001 22.9 171.6 146.6 226.2
5156 0.000 215.5 1.0 202.0 119.3
4375 0.000 391.4 93.7 360.0 196.1
11699 0.005 200.9 12.1 338.0 108.3
4921 0.000 78.1 228.8 148.2 317.5
3228 0.000 1.0 190.8 131.5 327.9
4061 0.712 118.7 213.8 186.8 265.3
14688 0.000 64.9 219.0 193.7 360.0
4977 0.000 212.2 1.0 317.3 249.5
14322 0.000 93.7 55.2 164.5 187.3
12140 0.000 133.5 81.3 376.9 360.0
4845 0.000 52.2 214.5 220.3 360.0
13530 0.000 148.3 158.2 196.3 263.4
4453 0.000 161.8 122.2 215.2 230.5
11693 0.000 21.5 147.1 142.6 370.9
14971 0.000 37.4 184.0 199.6 255.9
11172 0.000 213.1 1.0 287.1 154.4
3128 0.005 160.2 259.1 248.4 355.4
3354 0.000 259.4 1.0 365.1 169.6
4458 0.000 135.9 165.5 227.2 251.4
5590 0.000 4.8 1.0 82.4 77.4
11065 0.007 74.2 150.9 181.0 199.3
10906 0.001 73.7 31.4 119.2 104.6
4407 0.000 141.9 193.6 193.9 330.6
13127 0.991 83.3 8.7 270.0 265.1
4388 0.015 225.8 1.0 356.6 182.7
14597 0.001 122.0 1.0 312.1 360.0
4050 0.000 200.0 76.0 243.9 164.8
5837 0.000 90.8 36.5 149.8 148.7
5454 0.000 27.6 207.2 95.0 360.0
3034 1.000 96.1 64.3 219.9 241.6
11066 0.982 128.9 127.9 242.6 265.6
3341 0.000 247.8 253.4 295.5 360.0
11057 0.000 222.3 1.0 202.0 155.6
12290 0.106 182.1 450.9 282.6 583.9
11386 0.000 9.5 210.8 63.3 360.0
4280 0.012 84.6 130.0 163.0 242.6
11283 0.000 134.3 22.1 270.0 153.1
5407 0.000 13.5 240.6 232.4 360.0
10981 0.000 114.1 85.3 252.1 261.3
4096 0.002 367.1 1.0 360.0 339.5
3891 1.000 95.9 93.7 288.9 301.3
4677 1.000 116.7 82.5 302.7 307.5
14864 0.000 161.9 51.7 208.6 128.2
4293 1.000 84.2 41.7 318.9 277.7
3337 0.000 147.4 100.7 225.6 343.8
4455 0.000 200.5 460.1 256.9 360.0
4110 0.000 209.5 210.2 350.5 360.0
5519 0.000 84.2 78.0 137.4 125.9
9876 0.000 92.5 1.0 157.9 53.5
10532 0.001 210.4 44.2 265.3 141.7
4206 0.002 33.2 94.1 270.0 254.1
4213 0.000 84.9 123.6 134.0 184.6
14622 0.001 39.4 224.5 120.3 292.0
9127 0.000 166.1 236.1 378.4 360.0
10484 0.000 234.7 1.0 202.0 187.5
3928 0.000 34.4 53.7 175.5 182.7
14641 0.000 115.2 104.7 162.1 168.3
11138 0.000 218.3 1.0 202.0 188.3
11574 0.000 57.8 160.7 116.1 199.9
3897 0.000 128.9 1.0 210.1 102.0
9787 0.000 226.1 242.7 274.9 330.5
4643 0.000 331.4 1.0 360.0 81.9
14592 0.000 65.7 1.0 425.1 360.0
14915 0.000 191.0 101.0 248.2 247.2
14968 0.840 61.5 222.0 123.3 301.0
4419 0.001 97.3 13.4 149.9 72.7
5268 0.000 159.0 160.6 280.3 281.3
9170 0.000 20.5 43.0 150.6 275.1
11724 0.000 6.2 127.5 52.9 206.5
9789 0.000 62.8 306.5 125.6 360.0
14363 0.000 206.9 201.4 260.6 339.6
14545 0.000 52.6 119.7 106.2 231.8
4032 0.000 31.0 19.3 87.1 94.1
4444 0.000 260.9 1.0 270.0 41.4
4578 0.002 380.3 73.0 360.0 263.5
9320 0.001 119.5 83.5 226.6 246.9
4109 0.000 47.1 1.0 131.7 59.0
4241 0.039 36.6 18.0 91.3 118.2
13626 0.000 197.6 45.5 319.2 387.9
9315 0.006 37.6 257.0 96.9 331.1
14812 0.000 87.3 56.2 149.3 145.0
5935 0.003 9.9 256.5 64.8 340.8
5468 0.002 140.3 1.0 188.4 61.2
4202 0.463 73.2 184.0 128.4 248.3
4770 0.000 36.3 469.1 214.8 360.0
4836 0.640 210.1 58.9 300.1 174.2
4927 0.999 80.0 184.1 217.1 353.5
5741 0.010 57.9 147.4 109.5 227.4
3811 1.000 3.8 46.0 360.0 350.1
14558 0.000 26.0 1.0 92.4 49.0
14406 0.000 211.1 50.1 366.3 360.0
14673 0.999 40.2 183.1 341.0 354.8
5845 0.886 202.7 159.3 249.7 197.6
4955 0.047 83.6 207.5 145.2 265.4
87 0.000 171.8 185.0 256.9 360.0
889 0.263 202.0 101.8 248.5 154.2
2883 0.000 185.2 1.0 260.6 360.0
226 0.000 266.1 1.0 204.0 193.2
1741 0.000 122.6 56.1 218.3 352.1
202 0.000 140.3 88.9 219.8 258.0
1694 0.001 167.5 140.0 239.9 256.4
1286 0.000 122.0 170.2 242.4 348.2
859 0.033 34.0 190.8 100.9 234.3
1486 0.004 8.6 136.8 64.6 219.7
2135 0.000 383.6 1.0 360.0 340.4
1756 0.000 250.3 294.2 333.5 521.1
1023 0.000 202.5 1.0 256.7 228.3
2403 0.004 18.0 210.4 206.8 353.6
1840 0.000 129.8 218.6 206.3 360.0
2732 1.000 143.3 57.0 354.4 330.7
1169 0.000 118.9 304.8 194.7 360.0
2820 0.000 8.1 241.7 252.1 360.0
328 0.000 373.8 1.0 360.0 337.3
1256 0.000 216.2 188.3 264.6 320.9
1031 0.000 127.6 1.0 322.5 360.0
1418 0.996 18.2 1.0 161.8 187.0
2421 0.000 131.2 7.0 296.8 210.6
814 0.000 80.5 197.3 182.2 249.3
540 0.000 23.4 269.5 93.0 360.0
2289 0.000 172.6 61.9 231.4 159.9
877 0.000 23.8 1.0 261.7 243.5
2735 0.000 19.7 327.5 62.5 360.0
1835 0.001 37.7 228.6 107.7 307.1
776 0.000 246.7 191.1 410.4 443.7
1252 0.000 100.3 1.0 185.4 217.3
521 0.000 181.5 1.0 314.6 272.6
811 0.000 157.0 198.2 205.8 320.2
709 0.000 389.4 60.1 360.0 177.4
860 0.000 148.3 6.3 270.0 257.5
66 0.000 169.7 359.3 212.5 360.0
2092 0.000 89.8 78.6 150.6 262.5
900 0.000 96.8 49.3 341.4 360.0
2297 0.999 3.0 18.6 197.0 160.3
1266 0.001 128.7 194.5 203.4 269.1
2378 0.000 14.6 228.3 85.1 360.0
416 0.000 257.3 148.7 315.1 260.5
229 0.001 142.6 123.4 206.3 227.2
863 0.000 124.0 221.5 285.1 350.1
122 0.000 357.7 38.1 360.0 134.1
1805 0.016 21.1 257.3 78.6 342.4
274 0.000 215.9 337.2 298.7 360.0
1740 0.000 51.0 104.0 137.6 196.6
2970 0.000 22.8 7.0 87.2 63.2
895 0.016 278.8 99.0 357.1 219.7
1790 0.000 120.9 251.4 174.3 357.7
1710 0.000 13.1 304.1 79.5 360.0
972 0.001 32.2 134.9 129.9 248.3
1356 0.000 107.3 73.0 167.6 212.7
878 0.998 170.8 119.0 250.5 217.0
1620 0.004 143.7 191.3 197.8 342.3
2184 0.000 35.3 1.0 189.7 93.4
2684 0.020 27.9 127.9 128.8 227.0
295 0.000 49.2 157.0 149.3 235.7
804 0.004 150.7 8.7 207.1 86.1
2200 0.000 221.0 171.3 303.8 280.0
170 0.000 128.1 1.0 178.7 79.0
2406 0.006 2.1 1.0 81.5 77.1
204 1.000 82.1 69.8 361.5 324.3
276 0.000 400.6 1.0 360.0 339.7
850 0.000 237.9 26.3 321.0 148.8
575 0.002 71.7 83.3 132.8 254.7
2497 0.004 117.4 205.7 165.8 323.5
70 0.000 13.9 285.1 82.2 360.0
164 0.000 191.9 138.3 330.9 339.8
2059 0.000 19.1 1.0 101.3 44.2
1128 0.000 511.0 1.0 450.0 69.3
322 0.000 124.9 72.4 189.4 202.3
1842 0.001 173.3 21.3 263.8 127.4
1020 0.000 56.7 32.5 114.2 193.3
706 0.022 51.6 208.6 98.0 265.4
333 0.002 199.2 9.9 247.5 152.6
2567 0.000 15.3 226.1 61.2 360.0
1540 0.000 75.9 130.4 195.6 229.3
207 0.000 121.5 403.5 163.4 360.0
2216 0.001 77.8 53.2 334.7 139.6
1078 0.341 66.9 190.9 139.2 277.6
1013 0.000 10.4 264.2 63.1 352.4
1350 0.001 377.8 27.4 360.0 339.3
2051 0.000 57.8 124.2 207.4 350.1
2025 0.000 80.4 74.2 155.1 223.1
1043 0.024 94.6 195.4 161.2 245.2
563 0.000 101.4 29.5 312.3 315.4
2862 1.000 1.0 1.0 -1331.9 360.0
2056 0.000 34.8 267.2 184.5 360.0
1642 0.000 49.3 1.0 116.2 36.1
1405 0.000 279.1 150.0 322.2 319.5
2307 0.000 69.4 277.4 251.3 380.3
1410 0.000 399.3 152.4 360.0 349.0
2028 0.004 81.6 215.4 134.6 296.7
640 0.026 227.8 216.1 332.4 412.5
27 0.000 220.7 282.4 333.4 360.0
1846 0.004 14.0 162.0 88.8 298.5
2612 0.000 21.4 1.0 80.5 105.4
2817 0.000 204.7 378.6 247.5 360.0
2488 0.000 284.3 67.6 270.0 140.2
601 0.000 65.9 1.0 193.4 144.0
34 0.000 72.6 1.0 124.4 61.0
187 0.184 127.4 243.4 186.4 360.0
511 0.000 161.9 110.3 272.7 275.5
1051 0.000 11.0 99.3 56.4 146.9
2914 0.000 6.9 65.7 75.2 161.3
2522 0.982 65.8 52.9 156.6 144.6
2098 0.007 8.7 157.3 68.7 253.1
1652 0.997 5.5 73.8 258.2 348.8
920 0.000 385.2 1.0 360.0 337.3
14 0.064 10.4 164.1 59.9 209.2
636 0.000 212.9 107.7 270.0 166.2
819 0.030 22.0 146.5 71.9 207.0
626 0.000 42.4 23.6 131.3 195.1
772 0.000 182.6 107.7 242.7 166.6
1852 0.015 158.6 143.5 227.7 259.1
71 0.000 6.6 1.0 66.7 64.1
1533 0.015 142.7 138.2 195.7 207.5
2093 0.000 45.3 10.3 370.5 319.3
1121 0.000 114.4 112.1 193.2 324.7
1521 0.004 3.5 93.0 134.4 305.4
1648 0.000 65.4 26.7 204.0 184.1
2036 0.000 376.9 1.0 360.0 335.7
2543 0.000 135.3 1.0 311.6 250.7
2642 0.001 368.7 60.4 360.0 278.9
211 0.000 319.9 462.2 363.6 360.0
2131 0.001 169.3 205.0 367.2 314.8
2482 0.000 73.9 41.3 191.2 110.5
449 0.001 136.0 108.0 250.8 251.2
2286 1.000 55.4 16.5 232.8 189.2
312 0.000 203.4 1.0 331.8 300.6
445 0.000 168.8 191.1 213.8 342.2
1025 1.000 1.3 86.3 170.6 198.2
1537 0.000 494.0 101.2 450.0 223.3
2967 0.000 200.5 1.0 201.0 45.1
292 0.004 130.5 162.5 331.4 360.0
363 0.000 382.0 106.1 360.0 225.9
1307 0.000 227.6 54.7 285.2 202.6
2649 0.000 408.8 1.0 360.0 342.3
468 0.317 285.9 148.7 368.3 233.2
2280 0.000 283.4 94.2 202.0 186.2
1991 0.000 240.1 1.0 201.0 189.9
2674 0.001 22.4 176.3 189.9 264.9
299 0.898 92.1 55.9 163.3 171.0
869 0.000 61.6 202.6 129.5 311.0
2632 0.000 422.0 1.0 360.0 109.5
750 0.000 263.4 71.5 202.0 190.4
699 0.003 214.0 42.5 286.6 170.7
2430 0.001 7.3 51.9 68.1 109.5
2050 0.000 217.9 346.7 276.1 360.0
902 0.003 298.6 165.0 364.0 270.8
2941 0.000 20.8 216.7 73.7 330.2
307 0.001 24.8 60.3 270.0 256.5
2490 0.000 241.7 1.0 202.0 188.7
132 0.000 378.0 66.3 360.0 242.8
1447 0.770 176.6 341.2 265.9 600.0
2641 0.000 138.7 77.5 212.7 360.0
188 0.000 136.0 315.7 214.0 360.0
2374 0.000 16.0 340.0 65.2 360.0
1351 0.000 21.0 3.9 102.9 94.8
892 0.001 9.8 269.2 81.2 342.5
2223 0.000 286.5 133.8 266.0 261.9
297 0.015 143.3 112.6 209.2 227.6
1091 0.000 179.7 88.1 227.3 220.5
1831 0.000 73.0 153.7 119.2 293.8
67 0.000 46.8 1.0 153.9 96.2
197 0.000 59.3 1.0 200.5 231.4
763 0.001 13.2 40.8 69.2 291.7
2932 0.001 12.9 36.4 161.9 166.2
2699 0.266 98.0 1.0 211.7 166.1
2527 0.000 231.2 93.8 293.4 252.0
1010 0.990 111.1 173.9 304.7 347.5
2274 0.000 183.7 117.6 260.6 180.4
2875 0.000 83.5 1.0 360.0 80.4
2954 0.000 225.5 1.0 201.0 99.5
1017 0.002 377.2 1.0 360.0 336.9
1804 0.000 394.5 18.1 360.0 341.6
1452 0.000 65.1 198.4 132.5 305.6
2463 0.058 36.2 177.4 100.8 267.4
629 0.001 219.4 1.0 202.0 191.2
2062 1.000 6.1 98.1 322.0 351.5
2288 0.000 248.9 1.0 202.0 188.7
1460 0.000 11.8 182.7 60.3 262.5
882 0.084 213.2 236.9 292.7 353.9
421 0.000 36.9 101.0 106.3 187.5
641 0.000 206.2 58.5 274.9 202.9
1083 0.386 18.8 18.9 196.5 194.3
439 0.000 259.9 76.2 270.0 210.8
2671 0.000 69.3 1.0 169.4 182.9
2258 0.003 49.7 1.0 355.6 239.6
424 0.164 122.9 49.0 209.3 193.3
2015 0.000 183.2 1.0 230.7 360.0
60 0.000 128.7 95.8 243.6 243.9
2631 0.000 119.7 1.0 230.2 228.8
2188 0.003 128.6 271.9 191.9 350.7
26 0.000 10.9 94.9 145.4 190.5
1207 0.000 201.5 300.4 277.7 360.0
2894 0.000 154.4 210.9 238.9 347.6
2789 0.000 100.0 135.2 163.7 259.4
429 0.000 95.6 73.3 141.8 143.6
1251 0.000 55.7 17.3 163.0 306.6
2030 0.001 54.0 237.4 192.4 293.5
28 0.000 539.4 41.9 360.0 119.6
771 0.004 60.4 1.0 237.8 117.1
184 0.000 283.7 46.7 270.0 260.3
2022 0.000 386.5 1.0 360.0 299.7
275 0.000 16.9 1.0 124.1 148.1
220 0.001 170.0 191.3 235.3 271.9
1306 0.000 58.8 272.8 124.8 360.0
394 0.000 130.9 71.9 206.2 360.0
849 0.000 125.8 25.1 194.1 102.8
38 0.000 176.3 1.0 330.6 298.9
2886 0.026 135.3 160.3 191.4 307.3
2677 0.000 256.5 252.2 344.2 356.2
1093 0.000 165.2 177.3 268.8 254.6
1863 0.999 2.6 264.0 231.2 355.3
905 0.000 207.8 181.6 263.7 296.0
427 0.000 223.8 203.6 341.3 328.7
778 0.000 203.5 6.6 202.0 151.0
586 0.000 43.5 179.9 107.7 286.4
271 0.002 67.8 119.4 252.9 335.5
485 0.000 254.5 48.6 333.7 171.3
1272 1.000 75.1 62.5 358.9 360.0
423 0.001 44.9 12.6 135.0 152.7
1471 0.000 212.8 1.0 201.0 189.5
862 0.000 67.0 77.0 127.8 224.1
2052 0.000 64.8 1.0 265.6 251.7
2169 0.002 377.6 10.0 360.0 290.9
2679 0.000 85.7 269.5 245.9 509.5
2911 0.000 108.9 316.7 162.6 360.0
1918 0.000 154.1 66.0 221.8 333.4
1811 1.000 1.0 158.9 112.5 197.9
2666 0.000 22.8 1.0 106.2 36.5
476 1.000 6.7 6.5 222.7 259.7
2128 0.003 36.8 44.0 85.2 117.1
2489 0.000 374.3 29.5 360.0 234.6
1289 0.002 187.2 165.9 241.6 255.3
261 0.000 91.1 44.3 167.4 171.0
1587 0.000 223.0 75.4 208.0 145.0
2088 0.005 35.7 262.8 382.1 440.3
1230 0.000 33.3 1.0 96.9 85.7
716 0.000 36.9 14.8 101.5 92.7
2107 0.002 237.1 21.8 360.0 128.4
731 0.000 55.2 244.0 149.3 322.1
1769 0.003 150.8 98.5 193.3 313.6
2102 0.000 136.0 149.5 241.2 252.5
258 0.000 347.7 87.2 360.0 265.3
505 0.001 36.8 1.0 149.0 119.2
2265 0.000 168.6 90.9 271.9 194.2
1559 0.007 54.5 1.0 199.7 156.1
921 0.000 70.7 36.1 232.7 287.1
2648 0.001 382.0 1.0 360.0 264.2
548 0.000 75.9 301.0 118.9 360.0
1201 0.000 255.9 1.0 342.6 226.9
1398 0.010 114.1 203.0 175.6 337.0
192 0.000 20.8 164.0 131.8 272.8
1839 0.001 156.7 186.8 213.2 312.9
2576 0.000 310.5 79.5 362.7 360.0
2209 0.000 123.3 123.7 189.8 198.0
2199 0.000 8.4 153.2 57.0 269.9
146 0.000 11.9 22.3 141.0 237.9
787 0.995 143.0 130.1 365.2 360.0
1318 0.737 29.5 206.5 85.1 328.1
2035 0.000 144.2 100.5 252.7 223.9
643 0.000 176.3 258.9 247.2 360.0
2749 0.000 115.3 171.1 181.6 263.3
680 0.000 194.6 104.0 279.9 309.0
1234 0.000 26.2 100.2 122.0 345.6
1322 0.001 56.3 235.0 104.8 360.0
2206 0.000 105.0 30.5 187.3 236.9
1279 0.000 256.5 2.3 270.0 197.6
167 0.999 116.9 25.5 270.0 241.3
1879 0.000 86.8 214.7 224.0 360.0
2473 0.000 144.2 75.4 265.7 329.3
82 0.000 286.1 51.5 270.0 99.5
1838 0.978 18.7 104.9 94.7 188.4
174 0.000 35.8 157.2 265.6 266.2
2683 0.000 79.4 216.6 317.1 360.0
532 0.000 285.9 271.9 383.2 423.6
351 0.000 34.2 125.3 277.4 367.3
738 0.000 209.0 277.1 312.3 360.0
72 0.398 39.0 212.4 91.2 357.5
18 0.000 74.2 1.0 281.9 306.4
1899 0.998 163.9 80.4 365.0 360.0
749 0.000 104.5 57.1 270.0 239.8
2285 0.000 242.9 99.4 297.2 308.1
414 0.000 101.1 86.0 197.5 342.8
2821 0.046 28.4 141.9 76.4 321.3
256 0.007 102.3 266.0 249.0 360.0
1890 0.000 183.3 172.6 264.9 322.0
2176 0.001 367.8 1.0 360.0 336.1
2955 0.000 147.4 36.5 330.4 345.3
227 0.764 184.3 216.7 235.1 266.4
22 0.000 41.8 136.1 346.6 360.0
2801 0.000 211.8 122.6 202.0 197.1
852 0.004 17.9 215.5 94.7 311.8
2878 0.000 240.9 287.9 297.5 360.0
868 0.000 46.4 77.5 101.6 128.3
474 0.000 245.5 121.1 364.5 261.4
471 0.001 59.5 175.4 117.7 255.1
2805 0.000 61.7 239.4 257.4 350.7
826 0.000 149.8 1.0 318.6 360.0
1173 1.000 9.2 45.5 268.2 256.6
1497 0.001 52.6 29.4 431.9 343.1
392 0.000 171.1 1.0 360.0 159.1
355 0.000 27.5 1.0 72.4 59.5
1646 0.004 18.4 1.0 135.5 131.8
886 0.000 32.4 143.5 114.0 224.0
2822 0.001 213.1 17.9 202.0 144.1
1082 0.000 30.9 1.0 112.9 111.0
1827 0.000 191.0 150.6 239.2 334.4
417 0.000 167.8 111.6 241.1 180.5
1014 0.000 272.8 295.3 317.5 360.0
2903 1.000 6.3 26.1 237.8 254.6
1634 0.000 84.9 22.1 324.2 268.4
740 0.000 139.3 178.0 265.2 272.6
97 0.404 1.8 270.4 51.5 346.1
1613 0.273 101.8 146.1 175.9 226.8
1196 0.000 82.9 16.7 221.2 245.8
949 0.000 179.5 21.0 230.3 232.7
2244 0.000 39.9 197.3 90.3 333.9
839 0.013 159.3 71.9 248.4 119.2
2369 0.000 243.6 35.4 322.0 158.2
2182 0.003 370.7 108.0 360.0 328.6
420 0.541 17.5 86.0 110.8 165.0
1064 0.000 18.9 233.6 64.6 356.0
837 0.001 87.0 231.5 232.0 350.7
2006 0.000 147.0 88.1 211.3 187.8
554 0.000 413.0 1.0 360.0 344.5
1004 0.005 26.1 200.7 81.6 241.4
1358 0.000 220.4 1.0 202.0 129.2
1 0.801 298.4 39.9 436.7 269.5
2917 0.000 51.9 1.0 149.7 138.6
928 0.000 27.5 128.3 266.4 317.8
827 0.000 93.2 245.5 215.6 360.0
2681 0.004 84.9 165.2 132.7 264.5
1554 0.000 215.9 1.7 202.0 169.7
1802 0.000 394.5 1.0 360.0 330.2
29 0.997 91.6 78.0 246.0 229.4
745 0.000 139.8 127.5 190.3 194.6
613 0.119 99.2 58.6 203.2 168.4
1493 0.000 253.3 1.0 323.1 100.7
1975 0.000 13.9 1.0 92.0 82.0
2129 0.000 174.5 40.6 243.8 124.0
45 0.000 204.5 1.0 203.0 153.0
2750 0.000 28.9 384.1 170.9 360.0
364 0.000 44.2 134.9 91.6 219.7
2437 0.000 9.8 449.4 58.1 360.0
2506 0.000 469.5 214.8 450.0 439.0
1015 0.000 35.3 168.4 263.6 360.0
1067 0.000 11.1 41.7 136.8 153.0
1301 0.000 241.3 35.8 287.7 266.7
106 0.088 144.7 180.8 198.1 318.4
1966 0.000 37.5 82.8 170.9 255.4
926 0.219 92.3 57.3 168.1 218.3
684 0.000 105.3 107.5 198.7 175.8
480 0.018 78.4 43.1 181.9 158.7
693 0.000 37.7 206.6 156.9 328.0
1047 0.000 209.6 267.4 344.0 353.2
323 0.000 180.1 223.4 223.6 360.0
54 0.000 199.7 1.0 202.0 189.5
2365 0.001 134.9 1.0 179.9 137.1
1239 0.000 181.1 1.0 250.2 85.8
2656 0.000 354.9 133.4 468.9 449.6
1466 0.000 215.1 1.0 202.0 190.3
182 0.000 373.3 187.3 360.0 312.2
2569 0.000 213.3 240.7 315.4 360.0
290 0.000 62.6 77.4 175.0 360.0
2069 1.000 165.0 174.6 339.7 330.2
2768 0.000 202.2 3.7 288.6 297.3
1200 0.005 38.2 226.0 104.7 343.6
244 0.000 413.0 1.0 360.0 363.5
2105 0.000 37.5 1.0 360.0 319.2
2831 0.000 159.1 83.7 216.0 129.8
2697 0.054 136.7 238.0 194.4 334.3
2357 0.000 146.6 1.0 255.0 126.8
808 0.000 17.2 15.9 251.9 162.8
2117 0.000 182.9 128.0 355.0 186.5
1704 0.001 138.9 90.9 306.7 360.0
897 0.000 321.7 250.9 372.3 360.0
2840 0.016 2.0 238.6 109.3 328.0
665 0.000 171.5 101.7 258.9 289.8
2273 0.000 181.6 146.2 291.8 331.5
55 0.000 14.6 51.5 59.4 137.5
2003 0.001 388.4 1.0 360.0 341.2
623 0.000 64.6 76.4 156.2 219.7
1331 0.011 55.6 61.3 136.5 108.7
2599 0.000 263.2 133.2 366.8 313.2
262 0.001 100.6 59.5 222.8 238.7
330 0.000 176.7 54.1 202.0 156.3
2834 0.004 48.7 147.6 139.6 273.4
1565 0.000 192.5 121.3 248.0 283.2
1716 0.000 114.6 74.2 186.4 169.4
2065 0.002 48.3 265.4 128.3 354.1
795 0.000 58.6 132.0 144.1 253.3
1699 0.000 23.8 127.5 272.9 342.9
98 0.019 70.8 123.7 193.5 295.4
2104 0.999 7.8 53.0 178.6 209.0
2496 0.001 287.6 186.8 339.8 337.7
820 0.000 103.7 140.3 149.4 186.5
1066 0.000 127.2 5.2 175.0 76.1
1284 0.001 14.6 70.1 168.0 255.8
501 0.002 245.3 199.7 298.0 309.1
48 0.000 148.6 225.5 195.5 339.0
1054 0.026 310.1 252.2 361.5 331.3
2835 0.005 100.3 254.8 149.5 358.3
340 0.499 31.8 22.9 87.3 86.2
1231 0.000 59.7 133.1 127.0 267.9
1551 0.000 404.0 1.0 360.0 339.6
1070 0.000 108.6 307.3 175.0 360.0
1614 0.000 51.9 1.0 230.4 73.9
441 0.000 274.5 8.9 360.0 169.4
63 0.302 54.1 169.6 118.9 269.4
1483 0.000 70.1 260.0 135.6 330.2
2852 0.000 231.5 100.7 334.6 294.7
9 0.000 188.6 120.3 286.6 290.3
1640 0.000 191.1 1.0 324.7 340.1
296 0.000 202.0 135.6 262.4 265.5
1673 0.001 132.9 202.3 228.7 303.9
1044 0.000 17.8 119.7 76.1 162.3
1627 0.000 105.2 38.3 159.3 129.7
10 0.000 32.4 1.0 231.2 310.9
2662 0.172 7.0 160.8 165.9 322.5
378 0.002 61.7 58.0 111.2 190.7
489 0.000 294.5 1.0 381.9 70.8
509 0.000 261.1 225.3 347.1 360.0
577 0.001 207.4 67.0 254.5 115.6
1357 0.000 21.1 106.4 214.6 349.2
148 0.000 109.6 41.6 228.3 247.3
2669 0.000 303.5 1.0 421.8 169.6
2212 0.224 26.7 99.5 68.2 172.5
1823 1.000 131.6 103.0 374.5 347.4
891 0.129 69.3 222.3 122.1 299.8
241 0.000 58.3 28.3 179.8 196.4
1233 0.000 42.2 92.7 90.5 236.4
469 0.488 221.9 183.7 370.6 290.1
2204 0.002 24.9 29.2 92.7 65.9
2933 0.000 188.0 214.1 228.0 360.0
2306 0.022 60.0 26.5 131.4 127.0
2491 0.001 89.1 269.4 166.0 351.7
1221 0.000 241.8 28.9 313.2 291.0
443 0.000 132.7 101.4 228.7 339.2
2544 0.000 156.0 358.1 309.4 600.0
61 0.000 77.4 1.0 180.3 360.0
108 0.000 52.9 117.9 117.1 360.0
380 0.000 386.6 1.0 360.0 343.6
2156 0.000 61.8 160.5 139.9 301.7
2291 0.000 64.8 82.8 128.9 264.9
2551 0.000 35.0 89.8 108.7 232.2
2248 0.000 253.1 155.2 326.1 337.9
1530 0.000 174.5 86.6 280.7 321.5
2758 0.000 96.5 135.2 249.8 332.7
2395 0.002 144.7 230.8 198.4 338.4
2896 0.000 223.4 185.1 292.4 293.3
1061 0.000 140.5 86.7 199.2 240.0
531 0.001 35.6 26.8 89.5 187.5
23 0.003 40.7 1.0 95.0 113.1
1174 0.000 27.6 48.3 267.4 255.4
3 0.000 249.4 155.5 343.3 231.4
1729 0.001 53.2 271.6 220.0 357.6
147 0.000 229.5 39.3 301.6 161.0
109 0.000 305.6 157.1 362.7 290.1
186 0.000 274.1 334.0 364.6 528.8
2925 0.000 200.4 1.0 330.2 372.0
2464 0.003 54.7 25.4 108.5 91.8
2388 0.000 156.7 99.9 292.9 299.6
1463 0.000 93.5 222.4 201.3 337.4
2843 0.000 209.7 266.7 316.8 360.0
2479 0.000 181.4 165.2 234.3 360.0
2390 1.000 1.0 234.9 222.7 353.5
2024 0.037 34.5 50.6 156.4 140.9
324 0.993 113.9 71.4 335.1 360.0
1502 0.000 180.4 1.0 263.1 33.1
857 0.000 216.1 205.2 301.4 329.5
2912 0.000 80.7 276.2 184.7 417.5
2763 0.001 60.4 25.3 231.2 199.9
2988 0.000 25.9 140.7 172.1 261.1
2046 0.000 162.0 320.0 211.2 360.0
1304 0.000 402.2 1.0 360.0 342.2
1076 0.000 26.7 237.1 390.1 360.0
981 0.000 30.9 1.0 112.9 111.0
2309 0.000 268.5 108.1 319.9 305.1
1368 0.000 94.6 1.0 261.5 101.5
2407 0.000 84.3 74.6 247.1 231.7
652 0.198 48.9 289.4 239.3 514.5
2417 0.000 72.6 101.6 133.7 265.4
385 0.003 128.9 79.4 237.8 246.2
694 0.000 39.6 141.9 102.7 212.3
1263 0.000 204.7 22.2 261.7 172.9
2859 0.000 28.4 100.4 91.2 299.1
2256 0.000 355.3 155.9 360.0 355.3
2949 0.083 115.5 208.1 163.7 327.5
879 0.991 56.6 51.6 270.0 256.6
2078 0.000 375.3 1.0 360.0 214.0
2512 0.000 122.5 63.0 174.2 242.0
1643 0.000 210.1 198.1 263.6 289.7
25 0.000 66.7 133.5 120.0 294.7
472 0.008 70.3 192.5 124.9 296.3
864 1.000 105.1 42.4 287.8 291.5
1948 0.000 35.3 17.6 80.1 70.4
2850 0.005 151.7 213.8 206.6 330.9
2281 0.001 256.1 4.3 450.0 114.0
1389 0.000 163.4 265.4 218.2 343.6
44 0.010 64.0 107.5 128.7 145.8
2655 0.381 107.8 119.1 155.3 208.6
1136 0.000 97.6 1.0 291.9 219.3
1198 0.000 23.2 62.8 117.8 261.4
1260 0.000 208.8 109.7 255.7 197.6
397 0.000 168.5 91.3 300.3 323.3
120 0.000 238.0 1.0 357.7 246.0
2149 0.000 134.5 80.9 240.7 264.1
2359 0.000 146.6 1.0 255.0 126.8
2653 0.000 135.6 112.3 202.9 261.2
206 0.000 162.6 66.7 241.8 214.9
568 0.006 176.6 280.6 242.9 353.3
2360 0.000 186.0 7.1 248.2 143.5
2685 0.000 103.6 247.7 180.0 360.0
255 0.892 66.1 150.2 142.2 241.6
2168 1.000 95.8 71.1 270.0 263.7
2211 0.001 372.1 1.0 360.0 346.0
2094 0.000 66.5 65.8 110.9 196.0
566 0.000 58.0 1.0 140.0 83.1
36 1.000 53.3 1.0 216.6 203.6
2032 0.001 280.3 134.7 340.1 272.0
304 0.999 115.6 106.9 257.3 219.9
2520 0.000 25.6 229.3 110.6 336.6
534 0.011 289.0 260.9 360.0 323.2
455 0.000 225.5 1.0 202.0 188.8
728 0.001 34.9 111.1 311.9 352.5
2466 0.000 149.2 166.9 260.3 337.7
549 0.000 27.9 179.6 222.5 360.0
2347 0.001 344.7 125.8 360.0 314.3
729 0.000 76.6 30.6 124.9 267.3
456 0.000 260.0 22.2 202.0 144.3
537 0.000 157.9 198.3 319.1 345.9
612 0.000 379.5 27.2 360.0 228.9
40 0.063 38.6 122.1 86.8 308.7
840 0.000 17.8 225.5 97.0 266.4
723 0.000 46.7 1.0 358.7 332.4
462 0.000 379.8 36.7 360.0 122.3
2483 0.000 275.2 79.4 330.6 296.8
2468 0.000 144.2 75.4 265.7 329.3
2386 0.000 111.4 66.3 312.7 317.1
2670 0.001 5.4 103.4 83.5 220.1
1675 0.000 122.6 1.0 226.4 73.5
2509 0.000 214.0 23.5 202.0 71.8
493 0.000 245.4 209.1 332.7 312.1
1539 0.009 40.0 12.1 113.5 90.5
1534 0.000 99.4 1.0 258.8 243.7
2120 0.000 14.4 438.0 85.5 360.0
513 0.005 34.1 225.6 122.0 267.1
1297 0.000 158.4 94.9 266.9 238.5
1798 0.000 12.3 92.0 60.0 164.2
1288 0.000 95.4 112.1 168.4 248.1
2457 0.001 167.4 91.8 288.1 293.4
118 0.101 127.1 273.0 207.7 360.0
74 0.000 108.0 59.3 157.1 230.5
2053 0.116 158.9 182.7 229.9 326.8
8 0.003 255.1 15.0 325.4 180.6
145 0.042 141.5 213.7 206.8 307.6
735 0.000 29.9 10.9 100.6 165.9
622 0.000 65.4 297.5 136.5 360.0
2897 0.000 316.8 317.7 362.8 360.0
104 0.000 36.4 1.0 131.4 97.9
89 0.000 182.2 292.2 236.0 360.0
156 0.000 11.7 68.4 95.6 200.0
1464 0.000 9.8 224.3 63.2 354.8
2042 0.292 224.2 258.1 284.9 345.0
686 0.001 14.1 169.3 67.6 262.1
2853 0.000 33.1 389.0 196.1 360.0
300 0.000 161.5 1.0 275.8 90.7
1254 0.000 293.0 1.0 270.0 170.7
673 0.000 138.0 11.9 202.0 200.5
2665 0.000 4.5 1.0 72.7 57.5
149 0.001 18.5 247.5 85.9 335.2
495 0.000 35.7 1.0 108.3 194.2
1257 0.009 21.2 81.3 67.5 149.6
2416 0.979 75.6 41.1 175.9 215.2
1693 0.273 101.8 146.1 175.9 226.8
635 0.000 160.2 47.5 252.8 224.2
1018 1.000 90.1 96.1 229.0 265.7
1222 0.001 79.2 135.7 187.4 216.8
2282 0.000 201.3 18.8 255.5 127.4
311 0.058 31.3 144.2 104.6 281.6
2414 0.000 314.3 67.4 202.0 151.5
2865 0.000 40.5 203.5 250.8 288.3
2495 0.000 248.9 1.0 202.0 188.7
1624 0.002 3.9 1.0 227.3 165.6
885 0.000 255.1 109.0 298.6 233.4
59 0.000 97.7 1.0 246.2 270.5
2247 0.999 126.9 69.8 305.5 302.8
854 0.000 64.6 151.0 215.0 262.6
1215 0.000 413.0 1.0 360.0 94.2
217 0.000 34.6 224.7 97.9 333.2
646 0.176 193.1 257.4 248.4 330.2
1678 0.999 57.2 16.4 291.9 275.1
1033 0.000 310.9 430.9 364.6 360.0
2606 0.007 166.5 1.0 231.8 139.2
1223 1.000 71.5 68.6 257.2 242.7
1610 0.000 87.4 218.2 134.6 340.1
2478 0.000 149.6 56.1 236.0 208.5
35 0.000 95.5 33.6 230.3 290.6
95 0.657 103.8 154.0 167.2 262.1
1871 0.000 395.9 1.0 360.0 262.0
1203 0.001 213.6 1.0 202.0 189.6
257 0.000 19.8 100.2 142.3 287.3
1411 0.000 218.5 1.0 202.0 175.2
2639 0.001 21.4 255.3 113.0 337.6
2225 0.000 57.4 206.9 164.0 334.9
201 0.696 64.7 168.2 118.5 276.0
369 0.000 385.0 266.2 360.0 354.2
481 0.000 14.4 82.9 101.5 281.9
494 0.000 198.1 45.8 249.0 197.9
2255 0.000 211.8 1.0 413.8 279.1
1453 0.000 73.0 76.1 214.2 283.6
119 1.000 46.8 197.7 174.5 266.6
2373 0.000 284.1 211.0 266.0 262.6
2396 0.000 90.9 247.3 278.5 360.0
2308 0.015 233.7 185.6 290.5 313.5
2020 0.000 53.4 112.8 155.5 197.0
2916 0.000 13.4 147.7 76.8 248.0
2952 0.367 60.0 159.9 122.1 277.7
478 0.001 392.8 1.0 360.0 158.2
2130 1.000 93.9 78.6 201.1 200.5
597 0.000 22.3 181.0 67.3 360.0
