11221 0.205 258.2 128.2 357.9 244.1
4069 0.000 114.5 1.0 332.9 88.3
11701 0.000 4.0 1.0 270.0 137.4
4486 0.000 284.3 83.1 360.0 248.3
5427 0.000 97.1 64.7 183.5 114.1
4480 0.000 6.5 182.9 103.7 295.9
11500 0.007 107.5 196.7 231.1 265.2
5723 0.000 83.8 31.2 270.0 71.7
14854 0.000 173.1 176.0 270.0 251.2
5549 0.000 51.0 205.4 137.3 284.7
3003 1.000 43.0 24.1 226.3 219.5
5666 0.000 350.1 1.0 360.0 420.0
4208 0.000 38.0 41.1 131.6 138.6
4085 0.000 130.9 80.7 282.6 313.2
4862 0.000 66.5 60.6 202.0 311.3
5082 0.000 194.1 17.2 360.0 458.7
10025 0.000 108.2 1.0 310.1 52.6
14825 0.909 27.9 60.8 116.4 121.3
4793 0.000 77.4 164.0 290.9 235.7
4592 0.001 121.5 115.8 300.9 252.7
14946 0.000 37.1 76.1 284.3 341.5
3659 0.000 165.5 13.7 344.2 194.0
4569 0.000 40.3 94.7 308.3 194.1
9203 0.000 176.0 12.7 202.0 163.4
4162 0.003 72.2 192.8 195.8 403.1
4522 0.000 139.3 1.0 201.0 89.1
11559 0.230 41.6 225.9 96.2 269.9
4365 0.001 110.5 84.0 206.2 205.7
11845 0.000 143.8 216.0 256.3 293.1
3981 0.000 15.2 231.4 316.6 360.0
10506 0.000 77.7 199.4 164.2 284.6
9607 0.000 92.4 258.8 291.9 360.0
11550 0.000 136.8 63.8 251.5 139.4
13661 0.000 142.7 127.7 262.6 255.2
11593 0.000 168.8 227.4 330.5 319.2
11948 0.002 1.0 185.6 71.8 267.7
4811 0.000 151.0 1.0 202.0 217.6
9342 0.000 29.5 75.3 109.5 224.7
14655 0.000 101.2 31.9 208.8 223.9
4154 1.000 30.8 7.3 243.4 196.3
12794 0.000 282.6 25.5 360.0 126.6
3759 0.001 1.0 199.7 69.1 253.2
4070 0.053 289.4 258.6 353.0 360.0
3567 0.001 219.1 113.3 319.5 199.3
11768 0.002 422.5 331.5 557.7 537.0
12337 0.000 29.6 83.0 130.8 149.7
4462 0.170 51.0 220.5 146.0 261.5
4622 0.000 62.9 75.9 216.0 360.0
4934 0.000 67.2 45.6 337.3 360.0
9545 0.000 97.6 9.6 232.8 196.5
4627 0.000 130.6 57.4 197.5 103.6
14970 0.000 32.9 377.6 408.7 360.0
3236 0.000 159.2 171.8 624.8 495.4
4681 0.000 1.0 1.0 216.0 360.0
4491 0.002 156.4 158.1 309.5 360.0
14355 0.000 168.5 181.8 348.2 357.8
14868 0.000 202.8 1.0 360.0 112.0
10833 0.000 216.9 113.3 202.0 207.8
11498 1.000 3.7 80.1 230.1 260.1
11274 0.000 202.6 1.0 202.0 247.1
10294 0.995 5.8 123.2 322.7 338.7
4779 0.000 1.0 405.5 185.2 360.0
4332 0.002 121.1 92.8 201.2 203.5
3073 0.000 130.5 88.6 282.6 275.5
3306 0.000 161.8 123.0 267.5 254.0
14987 0.000 65.9 112.1 235.1 257.7
9831 0.093 80.3 271.8 148.6 360.0
3528 0.000 119.0 1.0 205.4 84.2
9549 0.002 218.6 110.2 297.3 198.6
4702 0.002 1.0 155.4 243.5 307.5
4410 0.999 97.1 182.3 192.1 263.7
3093 0.001 91.2 9.3 189.8 82.6
9216 0.000 1.0 239.2 131.6 380.0
4330 0.998 166.5 122.8 354.9 352.6
12289 0.000 195.0 88.6 345.3 311.7
5225 0.000 20.8 73.5 385.9 131.0
11146 0.000 315.9 72.1 360.0 405.0
12246 0.140 335.1 1.0 360.0 323.3
14996 0.000 3.8 159.4 76.4 253.0
4090 0.001 1.0 107.2 360.0 324.4
3987 0.000 21.3 141.8 194.6 200.2
10508 0.000 68.6 101.3 399.9 258.2
4065 0.000 160.3 1.0 202.0 310.3
12080 0.000 82.7 126.1 271.8 360.0
11150 0.000 224.2 11.2 360.0 85.3
4490 0.001 140.7 279.3 220.7 337.5
9507 1.000 58.5 104.1 206.5 262.1
3042 0.945 262.4 262.7 322.8 329.6
9846 0.000 38.6 364.7 316.4 360.0
3107 0.000 4.5 314.0 256.2 424.8
11071 1.000 118.2 18.5 242.7 230.6
5370 0.572 95.4 194.2 149.3 242.7
10541 0.000 131.9 71.1 226.1 205.6
4218 0.000 27.1 42.8 480.0 287.7
5718 0.000 38.7 54.8 116.4 108.5
5655 0.000 65.4 79.8 270.0 162.8
14979 0.000 118.3 19.4 260.7 182.7
4374 0.000 198.0 5.4 270.0 109.3
4514 0.000 19.7 226.9 178.8 348.9
3541 0.000 1.0 64.2 202.0 223.4
12396 0.978 143.7 89.5 227.8 237.1
12127 0.000 213.1 134.7 270.0 262.8
4479 0.000 72.2 236.5 167.8 358.5
3965 0.000 14.9 1.0 207.4 222.5
5094 0.068 212.9 116.1 349.0 196.6
12117 0.000 159.3 175.9 323.8 360.0
14930 0.000 162.7 1.0 202.0 243.1
4005 0.002 154.4 257.3 233.8 326.5
4235 0.001 53.1 10.7 135.6 232.2
5194 0.001 208.5 109.5 339.9 243.6
10620 0.000 236.9 120.5 398.5 353.6
4801 0.122 94.8 214.8 187.3 319.4
3927 0.000 200.6 73.7 202.0 215.9
3151 1.000 4.0 188.1 223.7 351.8
4450 0.000 172.9 178.5 261.6 325.5
4856 0.000 1.0 76.0 125.5 166.8
4126 0.000 50.8 16.1 181.5 268.8
5125 0.000 119.6 77.6 296.6 238.0
4384 0.000 151.0 42.5 270.8 252.7
5311 0.015 38.2 161.2 116.6 199.2
13807 0.000 83.7 67.5 375.4 263.3
3227 0.001 146.1 261.5 284.0 408.5
14740 0.000 62.8 53.8 191.3 206.1
3309 0.000 157.7 258.6 302.6 360.0
11012 0.000 65.9 77.8 415.4 289.5
11410 0.004 346.1 1.0 360.0 375.4
3934 0.000 23.4 79.6 291.4 262.0
5079 0.000 118.6 93.2 262.8 201.0
3931 0.125 87.7 164.3 157.3 206.7
4790 0.000 1.0 372.5 159.0 360.0
12177 0.000 231.6 185.0 363.0 264.5
14899 0.001 219.9 202.6 338.3 360.0
3334 0.002 211.8 155.0 290.1 260.4
14590 1.000 96.3 74.1 202.4 254.3
3021 0.000 217.9 1.0 375.5 36.9
5948 0.000 1.0 113.5 248.4 232.6
14704 0.000 61.9 1.0 406.2 186.3
9502 0.000 58.4 192.7 152.4 301.3
14699 0.000 34.8 130.9 149.5 292.2
10994 0.000 44.8 189.7 108.5 291.6
9448 0.000 153.7 97.2 269.4 241.7
4411 0.001 141.5 124.0 229.6 233.2
5841 0.000 86.2 64.7 328.8 246.9
11994 0.008 42.2 49.1 125.8 121.3
3955 0.001 87.5 68.4 237.7 213.6
4457 0.000 184.6 6.4 331.4 246.6
11829 0.113 40.8 187.8 105.7 258.9
4104 0.001 112.8 148.4 180.4 219.9
14950 0.038 57.7 97.9 118.2 293.1
11174 0.002 134.8 141.2 219.3 231.4
3194 0.000 68.2 61.7 160.1 139.8
11705 0.001 34.3 197.0 270.0 328.8
4264 0.258 112.6 184.2 176.6 259.3
14325 1.000 1.0 2735.0 176.1 360.0
11380 1.000 2.2 86.5 220.7 259.5
9113 0.000 86.0 114.5 407.2 294.9
10647 0.000 144.1 81.0 239.4 224.7
3941 0.000 1.0 1.0 480.0 132.4
14440 0.996 84.4 20.9 255.1 252.6
4129 0.001 4.8 115.0 67.5 302.8
10997 0.000 50.4 1.0 424.7 191.0
4020 0.277 173.1 17.1 346.1 68.8
4764 0.000 130.7 271.0 290.7 360.0
5501 0.048 83.1 150.4 205.3 312.5
4560 0.000 117.6 1.4 213.0 140.3
14926 0.000 1.0 294.7 71.8 360.0
4953 0.012 185.1 249.8 249.7 329.7
14584 0.000 119.6 25.9 251.3 148.8
5129 0.001 370.5 134.4 360.0 297.2
4760 0.000 112.8 80.0 333.8 276.7
13949 0.000 76.8 1.0 163.6 76.7
10119 0.000 127.1 121.6 249.3 239.1
10977 0.000 21.2 118.1 202.0 196.9
9510 0.000 1.0 206.1 140.0 273.4
11170 0.000 94.2 68.1 285.0 229.8
4513 0.021 322.3 1.0 360.0 296.7
9450 0.719 87.8 277.4 165.1 340.5
11941 0.000 222.1 7.8 270.0 323.9
5232 0.004 138.6 11.4 225.5 151.2
11299 1.000 106.6 79.2 156.3 166.9
10840 0.001 47.2 127.3 204.0 207.5
4759 0.000 207.2 1.0 216.0 282.7
9125 0.000 31.3 94.4 203.0 184.6
5702 1.000 7.4 246.2 234.7 352.8
11398 0.000 294.3 1.0 360.0 377.3
4144 0.000 220.0 31.4 346.5 161.1
5221 0.000 42.9 175.1 263.1 230.9
4348 0.000 46.2 51.4 279.3 189.7
11103 0.000 292.1 143.8 373.1 264.3
5814 0.011 19.5 188.6 88.8 257.5
3895 0.026 60.1 217.6 155.9 311.6
3718 1.000 31.8 105.2 330.2 292.9
9584 0.000 1.0 242.5 114.9 300.9
4234 0.000 139.0 79.9 252.5 224.8
5802 0.000 239.1 75.6 270.0 352.5
5981 0.017 115.5 188.1 211.6 269.7
14493 0.999 13.0 204.1 310.6 346.0
10659 0.000 127.4 1.0 206.1 176.7
5492 0.030 281.8 30.2 348.0 121.9
3940 0.000 93.5 92.0 181.8 207.8
4076 0.000 108.9 84.2 373.4 312.0
3524 0.001 186.7 63.9 260.7 110.7
11180 0.000 1.0 38.0 166.8 164.0
4257 0.004 91.0 264.9 173.0 337.5
14378 0.000 112.2 1.0 217.3 80.3
11204 0.001 80.8 128.4 176.9 245.7
4367 0.000 187.1 1.0 360.0 640.0
4135 0.078 114.8 17.5 222.8 92.2
14798 0.659 22.2 158.4 129.2 272.9
11075 0.000 36.6 131.7 194.8 201.9
4765 0.001 58.9 210.2 234.5 367.8
14851 1.000 73.9 348.2 298.6 470.7
12378 0.000 208.6 137.8 350.1 360.0
4901 0.002 192.3 1.0 202.0 200.4
12036 1.000 56.2 121.8 211.1 217.0
3952 0.000 1.0 1.0 219.2 144.4
3962 0.000 60.1 162.4 189.5 253.5
4572 0.000 53.6 200.0 145.0 286.5
4727 0.002 103.9 188.7 197.6 295.2
3574 1.000 43.8 64.4 258.5 264.3
14347 0.000 38.4 216.4 119.5 267.1
4292 1.000 49.9 63.4 158.9 152.7
11010 0.000 64.7 171.1 200.5 381.9
11788 0.012 197.0 1.0 202.0 198.1
5017 0.000 1.0 212.0 82.9 256.4
4852 0.000 15.2 44.0 124.4 158.2
14937 0.000 51.9 115.2 229.5 211.7
3889 0.000 94.7 136.1 260.8 278.9
4580 0.000 51.3 317.9 249.4 360.0
11712 0.030 87.9 250.1 167.0 310.7
12275 0.000 71.7 54.4 447.3 293.2
4133 0.000 51.6 338.3 154.9 360.0
5799 0.992 72.1 1.0 240.2 130.4
4377 0.000 85.7 191.9 300.2 349.7
9754 0.002 142.3 22.7 232.6 223.9
4928 0.000 222.6 192.8 409.2 302.5
9297 0.000 23.4 129.2 86.7 233.3
3161 0.000 170.3 192.6 257.5 284.9
14336 0.000 68.1 1.0 429.7 255.9
3440 0.001 106.5 78.5 463.2 303.6
11193 0.000 95.3 220.8 198.3 264.8
3273 0.000 22.9 117.7 214.2 264.3
11161 0.000 26.2 173.3 171.7 294.1
4761 0.003 64.4 84.3 219.6 237.1
13682 0.003 97.0 2.7 197.5 158.1
4161 0.000 34.5 129.0 360.0 359.9
4326 0.000 111.2 9.9 200.7 172.6
4584 0.008 17.0 234.2 122.1 320.5
4874 0.000 202.6 40.0 275.1 251.6
9625 0.000 142.0 94.1 234.9 216.6
10696 0.001 44.2 239.1 234.3 329.3
9733 1.000 1.0 8.6 182.8 192.7
4517 0.000 1.0 205.1 82.7 287.1
11135 0.000 116.5 182.3 281.8 437.1
14802 0.000 122.7 207.5 223.4 294.9
9523 0.999 112.4 90.8 296.6 285.6
3709 0.000 176.3 22.8 293.2 260.1
4373 0.000 183.8 338.6 283.0 360.0
3947 0.000 256.6 598.7 480.0 360.0
4335 0.999 20.5 87.7 199.8 204.3
11038 1.000 1.0 200.3 312.4 348.6
12040 0.000 120.3 54.5 279.4 360.0
11790 0.004 84.9 258.2 209.5 339.7
5918 0.000 63.3 23.5 171.1 79.4
4451 0.000 63.8 398.9 178.7 360.0
11935 0.009 115.3 157.0 175.9 277.5
11035 0.000 111.9 290.2 219.7 390.3
13947 0.005 184.4 22.6 250.8 114.8
14376 0.983 46.0 180.3 109.1 293.3
4920 0.001 107.7 274.6 178.3 323.6
12205 0.999 26.1 66.5 250.6 271.9
5484 0.010 40.7 164.1 149.8 288.4
3033 0.001 125.7 228.1 228.2 287.7
5502 0.000 82.7 92.2 200.9 133.0
3969 0.001 205.3 28.4 308.2 133.6
4131 0.000 167.0 202.4 255.8 272.5
12015 0.000 104.8 28.2 191.2 228.1
14894 0.000 186.0 184.0 270.0 221.2
9760 0.000 132.0 56.6 367.7 234.1
3126 0.000 32.1 441.1 225.5 360.0
4194 0.000 182.0 537.8 502.0 600.0
4342 0.000 189.2 65.0 334.7 212.0
9408 0.000 193.1 154.7 356.2 355.2
4324 0.036 82.5 107.6 275.2 294.5
5913 0.000 1.0 110.7 81.1 237.7
4756 0.000 243.4 1.0 342.2 211.3
10190 0.000 1.0 239.3 385.5 287.8
3030 0.000 28.5 38.9 202.0 239.9
5291 0.000 87.3 169.6 469.8 320.3
5879 0.996 110.9 44.9 346.2 356.0
10524 0.000 1.0 125.3 312.2 154.0
4561 0.066 127.5 232.3 186.0 316.8
4908 0.000 340.1 9.3 360.0 303.2
5813 0.997 82.2 39.5 150.9 183.5
4401 0.091 94.8 187.9 151.6 231.1
4758 0.000 130.8 285.3 203.6 335.8
11819 0.003 2.6 111.6 108.5 258.3
5832 1.000 69.1 37.8 151.9 152.0
5001 0.004 1.0 192.7 65.1 251.6
12713 0.000 76.3 24.7 198.1 100.5
4474 0.000 150.1 134.5 361.2 343.6
4588 0.020 95.4 78.4 165.0 229.5
11060 0.000 1.0 131.4 190.4 185.2
9144 0.000 1.0 117.4 80.5 249.6
5219 0.000 73.9 20.7 207.4 130.5
12195 0.435 82.7 176.5 147.9 240.2
11774 0.000 70.9 41.3 400.8 314.8
9907 0.000 43.5 56.9 355.4 232.4
4667 0.000 26.5 219.5 346.6 400.3
4376 0.000 108.4 94.0 205.1 236.0
11189 0.000 70.2 40.7 136.1 86.9
4531 0.000 38.5 67.8 246.6 262.4
11055 0.008 63.3 138.7 117.5 175.0
4488 0.000 264.3 1.0 270.0 101.1
4443 0.000 97.1 206.4 222.7 307.0
14918 0.896 164.3 273.4 212.3 345.0
4565 0.000 241.6 209.2 337.2 360.0
10505 0.000 189.1 1.0 202.0 229.0
3046 0.000 100.3 97.0 202.0 129.6
3263 0.000 192.3 99.0 360.0 173.4
5183 0.007 112.1 27.0 238.1 91.0
4035 0.000 33.1 111.4 250.9 262.0
5334 0.038 35.1 274.4 91.2 333.4
5144 0.010 126.2 21.2 209.3 116.6
3687 0.001 75.0 3.7 222.5 196.1
4853 0.000 25.9 22.9 338.9 179.8
9835 0.001 105.8 86.8 155.6 267.9
3255 1.000 137.0 102.6 295.7 298.9
11565 0.014 214.4 230.5 284.6 319.9
3077 0.000 32.1 115.3 165.2 177.6
14904 0.000 404.4 1.0 360.0 600.0
4869 0.000 78.3 109.8 269.4 244.9
14178 0.000 292.1 143.8 373.1 264.3
4404 1.000 78.6 247.5 327.1 355.7
4119 0.058 29.6 62.0 92.6 109.3
5386 0.000 261.9 1.0 270.0 351.1
4338 0.001 80.6 99.8 318.2 148.1
11373 0.000 113.3 246.6 251.7 312.0
10669 0.000 165.1 111.5 450.0 167.1
10290 0.000 21.3 71.0 151.1 176.3
14734 1.000 67.4 185.3 207.5 263.4
5976 0.003 12.2 114.8 88.5 216.5
4108 0.625 140.5 47.2 200.2 159.9
4750 0.000 147.1 160.8 360.0 336.1
4089 0.894 122.6 13.8 170.4 56.3
4589 0.000 1.0 81.1 113.1 131.2
14377 0.000 1.8 333.5 95.2 360.0
3219 0.000 269.5 1.0 270.0 353.0
10371 0.000 1.0 335.6 166.8 360.0
4077 0.000 214.5 1.0 343.6 360.0
9554 0.000 1.0 380.2 364.5 360.0
10744 0.000 70.7 92.4 204.0 227.1
4747 0.998 16.6 125.7 270.0 244.5
11081 0.000 1.0 135.4 67.5 173.6
14944 0.000 1.0 51.3 85.5 125.6
4838 0.000 64.8 45.3 167.9 146.0
4446 0.000 229.2 216.7 346.6 427.1
4500 0.000 90.0 125.9 169.3 164.8
4472 0.000 1.0 58.3 161.8 146.8
9503 0.005 243.4 34.8 357.9 106.4
4277 0.000 213.2 75.4 356.2 133.9
14823 0.010 174.6 46.5 226.8 107.2
4530 0.000 51.9 12.5 202.0 146.9
3060 0.272 177.1 282.6 249.9 343.5
5428 0.002 97.7 162.9 192.3 307.8
4469 0.002 62.1 18.8 123.4 71.5
5073 0.000 47.2 69.0 242.5 200.2
5973 0.005 100.4 229.9 187.9 308.7
4775 0.000 20.9 101.1 120.8 277.3
11789 0.000 3.8 17.7 108.2 149.0
9293 0.007 1.0 5.5 247.0 154.9
4118 0.000 112.1 175.0 223.2 263.8
4638 0.006 15.2 156.8 111.2 246.5
3335 0.000 179.4 103.8 247.3 251.0
4515 0.040 52.8 187.8 177.0 271.2
4361 0.000 103.6 1.0 341.5 153.2
14775 0.044 19.9 188.6 113.2 250.4
4083 0.006 64.9 139.9 184.6 217.9
14756 0.000 46.0 31.0 328.6 342.1
10251 0.000 176.4 1.0 202.0 224.4
4120 0.000 84.2 47.9 294.4 253.5
5822 0.699 168.6 34.5 220.2 79.2
4804 0.000 23.3 34.6 270.0 171.4
11435 0.004 148.0 188.8 207.4 309.4
4058 0.000 86.7 287.9 317.5 394.2
4221 0.000 103.7 98.2 171.7 198.8
12330 0.350 142.1 278.8 318.5 333.1
5947 0.000 146.2 60.4 229.7 132.3
4254 0.000 42.9 150.6 187.5 202.6
9870 0.000 50.9 152.1 207.1 284.1
14931 0.998 52.2 90.3 138.7 187.2
5852 0.000 207.0 120.9 327.5 305.9
12460 0.002 158.6 28.1 270.0 142.5
5335 0.000 82.0 25.2 187.3 130.7
12714 0.002 163.3 158.7 333.9 327.9
3068 0.000 166.4 72.6 264.1 161.9
4229 0.000 123.4 82.5 236.9 322.5
14703 0.000 150.3 55.3 270.0 113.5
14658 0.000 91.7 189.8 175.7 203.4
4611 0.001 1.0 264.3 304.9 400.0
5244 0.000 45.4 1.0 378.2 119.7
4433 0.000 236.9 1.0 382.4 218.4
4847 0.999 143.0 124.8 303.8 330.9
4372 0.000 62.3 315.9 166.6 360.0
9421 0.000 202.9 87.7 286.8 274.5
3202 0.000 12.1 147.9 219.0 249.6
11536 0.235 1.0 219.5 49.7 293.7
4666 0.000 353.8 68.4 360.0 383.5
11013 0.000 191.6 94.7 299.0 241.9
4098 0.000 311.3 1.0 360.0 206.2
12269 0.000 64.0 320.0 151.1 360.0
11159 0.001 169.9 36.7 245.9 94.3
4508 0.000 1.0 16.1 168.7 116.8
10288 0.000 1.5 122.0 248.3 248.8
5344 0.000 134.4 120.1 184.5 188.3
11278 0.000 8.6 122.8 142.7 211.5
12145 1.000 79.8 14.7 362.2 299.8
4445 0.003 134.6 156.6 259.6 315.7
14264 0.000 111.9 54.2 383.2 237.0
4719 0.000 40.5 168.5 161.0 199.8
4064 0.006 17.8 265.9 114.6 327.3
11008 0.000 175.5 1.0 202.0 125.2
3911 0.000 120.2 98.8 215.9 232.2
4057 0.000 60.9 363.6 157.9 360.0
4806 0.001 14.2 33.3 92.6 119.3
11129 0.000 260.3 117.5 385.0 224.0
9373 0.000 1.0 1.0 83.1 53.5
4814 1.000 35.1 648.5 202.0 360.0
11772 0.000 76.3 74.5 222.0 187.6
5749 0.017 356.9 1.0 360.0 341.1
4521 0.001 5.0 229.8 145.1 261.2
10949 0.076 42.9 222.3 156.5 301.4
11394 0.000 50.9 142.8 132.2 249.8
10909 0.000 16.1 214.7 120.3 270.0
4784 0.000 14.2 172.3 272.6 226.3
12099 0.000 132.7 112.0 320.1 309.9
4281 0.000 125.8 96.1 199.0 205.4
14370 0.000 1.0 179.3 153.0 256.6
11105 0.000 261.5 1.0 360.0 455.1
4145 1.000 1.0 73.0 274.2 341.6
4835 0.999 109.3 61.8 213.7 211.5
14489 0.000 28.7 266.2 266.5 360.0
14826 0.000 1.0 118.5 116.1 218.9
14321 0.000 142.4 124.9 326.2 163.2
3629 0.970 88.6 465.3 212.5 360.0
4128 0.003 161.6 29.5 249.5 140.8
3509 0.349 34.7 241.5 102.0 320.9
4440 0.000 140.2 277.1 283.4 360.0
3461 0.000 5.0 65.9 102.4 114.9
4466 0.984 44.0 49.0 290.8 316.4
3017 1.000 48.9 2.8 267.4 248.6
12002 0.009 212.9 8.7 360.0 53.0
10293 0.002 177.5 187.9 301.9 472.4
11514 0.269 31.3 1.0 125.1 244.1
4103 1.000 1.0 1888.1 270.0 360.0
14567 0.002 66.7 1.0 261.7 261.2
11114 0.000 144.6 63.9 336.6 343.4
4091 0.000 1.0 155.3 80.0 186.8
4336 0.003 94.4 212.1 192.7 320.3
4421 0.003 1.0 159.6 360.0 309.3
13588 1.000 57.6 106.1 158.5 215.4
4475 0.000 1.0 111.2 423.3 247.7
4354 0.381 44.3 170.5 178.3 262.1
4910 0.001 103.0 118.2 163.5 226.3
4272 0.002 97.5 75.4 172.7 197.1
10049 1.000 55.5 8.2 254.6 231.5
4095 0.226 127.0 4.1 184.8 45.2
4523 0.001 19.5 168.9 164.8 218.8
14506 0.714 75.4 181.0 133.5 255.9
11014 0.001 61.2 3.3 169.7 48.6
14807 0.000 1.0 79.9 231.8 129.4
5807 0.000 365.4 1.0 360.0 418.4
14566 1.000 52.5 225.4 343.6 384.3
4363 0.000 294.1 40.3 360.0 304.7
12342 0.000 39.4 135.7 196.0 228.2
4329 0.993 14.5 157.6 226.0 318.5
4559 0.554 13.0 58.4 352.1 281.9
10609 0.001 67.7 110.0 270.0 184.0
14586 0.000 28.7 214.3 239.8 337.1
12051 0.011 32.8 80.3 311.0 232.0
3401 0.000 129.8 1.0 304.9 360.0
4238 0.000 116.3 80.4 187.1 201.9
11494 0.000 1.0 15.9 80.5 153.2
5698 0.002 36.5 200.0 104.9 228.6
12271 0.010 1.0 172.5 81.1 284.9
4261 0.000 1.0 52.7 164.3 72.1
3982 0.011 112.8 49.4 259.8 270.8
11365 0.000 30.4 229.3 177.5 291.1
3163 0.000 123.9 31.6 264.5 204.8
5483 0.000 1.0 322.2 145.6 360.0
9298 0.001 82.5 93.2 145.2 244.1
14682 0.000 361.3 1.0 360.0 447.2
3972 0.000 82.2 21.0 270.0 180.0
4864 1.000 1.0 7.6 270.0 243.3
11406 0.000 1.0 19.2 151.0 108.1
5656 0.000 172.0 178.6 407.4 360.0
4230 0.000 79.8 43.7 180.9 162.1
3324 0.127 113.8 224.3 356.5 335.0
4369 0.001 182.8 1.0 202.0 206.1
5175 0.000 1.0 26.8 108.9 108.6
9994 0.000 1.0 213.0 480.0 360.0
4192 0.000 1.0 119.6 76.8 295.2
3025 0.001 174.3 101.4 256.8 255.2
5103 0.000 93.9 83.6 253.1 244.9
14220 1.000 159.8 31.0 358.0 360.0
9202 0.001 222.0 1.0 216.0 225.7
5451 0.001 121.3 175.3 241.5 322.9
10501 1.000 86.7 84.6 267.8 297.9
4922 0.000 122.2 543.8 360.0 585.7
3011 0.075 20.8 162.3 72.6 274.0
5743 0.000 122.3 107.8 207.5 215.3
12292 0.435 82.7 176.5 147.9 240.2
11824 0.016 164.7 1.0 286.9 286.5
5576 0.376 39.4 201.5 110.9 332.7
14733 0.006 118.0 288.7 179.0 348.0
3413 0.132 167.3 71.6 254.7 112.6
4256 1.000 9.2 292.3 360.0 542.0
4278 0.996 133.1 63.3 333.3 262.7
3133 0.000 103.3 176.3 244.9 287.7
11740 0.000 1.0 159.7 95.1 206.8
4079 0.007 119.6 26.3 189.8 106.3
4408 0.000 271.0 144.9 360.0 284.6
14730 0.000 176.1 155.5 270.0 306.2
3977 0.002 39.2 123.7 198.3 208.8
4950 0.007 161.8 71.7 220.8 113.7
11434 0.000 211.6 30.2 349.6 106.0
12010 0.502 60.4 199.7 182.7 289.2
4886 0.000 43.1 490.8 226.5 360.0
12130 0.001 67.8 78.1 386.4 210.2
4169 0.949 57.6 297.6 318.9 461.3
9553 1.000 160.2 120.9 301.6 300.6
14696 0.000 1.0 401.2 168.4 360.0
3407 0.999 16.5 123.4 161.8 261.3
10069 0.110 84.7 19.4 134.8 169.5
5309 0.000 124.4 207.5 360.0 290.2
4695 0.867 173.3 34.6 233.8 120.5
4902 0.000 1.0 147.4 156.3 217.2
10601 0.001 165.4 1.0 270.0 133.5
5075 0.001 109.9 307.8 217.8 352.6
4088 0.000 344.2 1.0 360.0 130.3
4481 0.000 152.2 75.9 227.1 153.7
4422 0.000 53.6 3.2 195.0 144.4
9128 0.000 101.5 45.3 317.7 284.2
13559 0.000 79.4 81.7 270.0 279.1
11787 1.000 23.0 32.3 241.5 261.7
11201 0.001 174.4 131.9 291.9 285.5
5359 0.000 163.6 322.2 242.7 360.0
14993 0.000 45.9 120.1 128.4 210.0
10995 0.000 185.4 44.4 390.0 295.9
5541 0.000 1.0 1.0 523.7 173.3
4786 0.000 107.7 39.1 177.8 95.2
3651 0.000 1.0 1150.4 450.0 600.0
4924 1.000 5.1 116.2 286.5 341.8
11960 0.000 48.6 412.5 184.2 497.5
4015 0.002 109.2 65.2 199.3 232.6
4788 0.000 217.5 240.0 360.0 344.9
4527 0.001 19.8 63.8 135.8 200.5
4467 0.000 318.4 1.0 360.0 413.2
14693 0.000 68.6 191.6 137.6 276.0
3070 0.000 135.0 5.5 260.5 269.2
9245 0.672 74.9 168.4 165.5 315.9
3039 0.000 34.7 65.9 235.4 238.9
5789 0.000 39.6 73.2 253.6 229.5
14962 0.000 137.6 47.3 287.6 260.9
11202 0.011 1.0 209.7 96.0 253.8
4981 0.000 181.7 208.3 456.2 360.0
10154 0.000 120.0 1.0 279.0 310.3
4464 0.000 121.8 261.9 260.8 360.0
4772 0.001 194.2 22.3 202.0 221.3
4393 0.509 34.1 77.6 130.8 146.1
9631 0.001 130.4 132.0 208.3 190.1
5069 0.999 206.8 1.0 354.1 259.2
9801 0.000 96.2 192.3 187.0 360.0
9743 0.000 51.5 101.8 165.6 211.8
14842 0.000 125.3 32.6 270.0 156.0
11592 0.991 31.2 274.2 112.2 340.6
5176 0.000 95.2 111.3 183.8 171.2
14965 1.000 21.0 1.0 270.0 360.0
14563 0.000 95.2 290.9 192.5 339.4
9218 0.000 38.6 315.5 146.5 360.0
4288 0.001 41.3 111.0 217.3 271.9
3333 0.000 368.6 1.0 360.0 442.7
14742 0.000 130.7 64.1 227.5 360.0
5087 0.001 1.0 48.3 270.0 157.9
11218 0.000 173.0 1.0 202.0 252.4
3596 0.000 230.3 197.8 336.7 360.0
9243 0.998 2.4 147.6 213.7 257.3
9303 0.000 195.7 143.8 282.3 302.3
4415 0.770 46.9 194.1 99.1 262.7
9551 0.000 272.9 1.0 270.0 310.3
4107 0.000 1.0 254.8 360.0 362.1
14371 0.000 107.7 1.0 365.3 258.5
11281 0.000 236.5 1.0 270.0 90.4
4851 0.057 166.6 222.9 224.4 315.6
4349 0.000 302.0 128.1 360.0 407.7
10993 0.000 28.2 82.2 121.0 132.6
9525 0.000 353.0 1.0 360.0 436.3
14765 0.000 60.9 54.4 229.9 169.2
3926 1.000 170.6 117.1 307.7 360.0
5113 0.000 113.3 241.8 264.2 360.0
11590 0.000 354.8 101.3 360.0 314.9
9627 0.000 58.7 1.0 224.4 138.3
4916 0.000 84.9 11.4 202.0 82.5
14694 0.000 235.4 79.7 363.9 270.9
13757 0.001 69.6 8.3 148.4 222.8
3052 0.688 42.0 1.0 128.8 107.4
5941 0.000 204.9 1.0 201.0 266.6
4494 0.000 50.9 158.4 133.6 229.2
11231 0.000 329.5 61.5 360.0 202.3
4012 0.000 83.0 53.6 165.4 173.6
4637 0.000 1.0 282.4 112.2 360.0
4645 0.000 156.0 1.0 202.0 180.7
3125 0.003 321.6 1.0 360.0 361.8
12038 0.000 125.2 48.4 374.7 294.2
11082 0.000 102.5 123.3 221.3 202.6
4489 0.001 126.2 115.1 255.5 327.3
11166 0.000 187.1 1.0 202.0 200.7
4925 0.000 1.0 76.6 214.4 147.0
3295 0.000 39.5 25.2 113.4 71.5
4418 0.000 341.0 1.0 360.0 435.1
11505 0.000 107.3 50.4 235.3 258.0
10773 0.000 118.2 1.0 360.0 430.1
11113 0.000 290.7 1.0 360.0 417.8
9317 0.001 32.9 21.7 180.6 121.4
14368 0.001 51.2 130.7 158.5 248.0
4081 0.004 88.2 25.3 193.6 95.4
10368 0.001 41.1 290.5 157.2 360.0
11258 0.001 12.7 42.2 480.0 264.6
11073 0.120 9.8 117.1 108.6 151.4
3953 0.001 228.0 208.3 342.7 294.4
11443 0.090 153.0 104.8 360.0 251.1
3960 0.000 46.3 293.2 424.5 360.0
4778 0.000 249.2 65.6 360.0 445.1
3428 0.000 1.0 323.8 98.8 360.0
11162 1.000 1.0 2361.2 -7.0 360.0
5624 0.000 123.4 112.8 225.2 220.8
4432 0.000 1.0 185.9 194.8 255.7
11646 0.000 183.8 1.0 202.0 220.9
14574 0.002 107.5 245.1 201.3 321.8
14646 0.000 1.0 29.2 536.3 360.0
4503 0.000 16.6 46.5 184.8 143.8
4075 0.001 87.0 950.5 224.0 360.0
4400 0.000 86.2 43.3 201.0 91.2
12095 0.000 202.2 171.6 303.3 316.4
4409 0.000 94.8 52.2 218.5 192.4
4371 0.000 1.0 69.6 162.8 127.1
4300 0.001 63.3 6.1 231.5 247.4
11216 0.003 76.5 230.7 205.6 271.4
5439 0.000 2.4 106.8 150.4 199.8
5938 0.000 37.5 293.8 201.2 385.2
10987 0.999 107.4 69.1 258.1 277.7
4839 0.000 102.3 29.5 202.0 129.7
9407 0.738 133.9 259.8 194.5 327.2
3050 0.000 167.7 20.7 304.5 276.5
4113 0.000 116.5 1.0 232.4 154.7
5469 0.002 14.7 11.6 124.6 111.4
4996 0.000 86.2 151.5 218.9 241.8
4823 0.019 12.8 121.0 92.2 256.6
11093 0.000 76.0 50.8 197.6 220.0
11167 0.000 170.3 170.1 268.1 235.5
14557 0.089 2.7 184.4 239.1 297.6
4423 0.024 45.2 104.1 135.6 153.6
10246 0.000 185.6 370.7 345.5 360.0
11320 0.993 100.3 67.5 226.3 224.4
5058 0.000 1.9 93.8 93.8 129.7
9479 0.002 176.3 1.0 202.0 206.7
3172 0.000 74.1 100.9 182.0 208.5
14346 1.000 40.8 525.9 255.3 360.0
11801 0.000 108.8 125.6 212.9 250.9
4004 0.000 1.0 193.8 178.2 234.8
5156 0.000 200.7 1.0 202.0 171.5
4375 0.000 352.1 50.4 360.0 399.1
11699 0.432 210.8 82.7 292.4 175.2
4921 0.000 24.6 243.8 196.9 300.9
3228 0.000 1.0 328.1 558.0 360.0
4061 0.174 117.3 217.5 196.9 281.1
14688 0.000 118.2 134.8 256.3 337.8
14322 0.000 80.3 45.6 179.8 186.6
12140 0.000 118.0 85.3 240.7 210.1
4845 0.000 113.4 305.0 322.3 360.0
13530 0.003 132.5 174.8 202.7 266.9
4453 0.001 152.2 135.4 226.5 256.5
11693 0.000 1.0 53.8 109.0 150.5
14971 0.000 1.0 191.3 250.2 248.3
11172 0.000 188.2 37.8 314.5 147.9
3128 0.008 23.3 194.2 192.2 276.2
3354 0.000 268.0 120.4 450.0 166.0
4458 0.000 116.1 168.7 238.5 278.1
5590 0.000 254.1 206.3 352.1 285.9
11065 0.011 62.5 153.2 187.9 196.6
10906 0.000 57.7 29.7 143.1 125.4
4407 0.001 126.0 182.3 202.1 293.4
13127 1.000 38.3 62.4 270.0 335.1
4388 0.050 203.9 71.5 322.5 150.0
14597 0.000 90.9 1.0 372.5 360.0
4050 0.000 22.3 97.2 265.9 176.7
5837 0.000 77.1 102.5 167.3 202.2
5454 0.000 15.6 190.6 133.7 350.2
3034 0.999 98.9 61.0 219.4 234.8
11066 0.992 128.8 123.9 240.1 260.5
3341 0.000 2.9 1.0 583.5 91.9
11057 0.000 204.8 1.6 202.0 193.4
12290 0.294 158.3 460.5 276.6 567.1
11386 0.000 1.0 243.5 88.3 330.4
4280 0.002 71.2 126.3 166.6 234.6
11283 0.000 73.4 126.8 270.0 224.6
5407 0.000 30.0 126.1 234.8 172.5
10981 0.000 74.1 81.2 270.0 244.1
4096 0.008 315.8 1.0 360.0 332.1
3891 1.000 194.7 1479.9 263.8 640.0
4677 1.000 116.2 72.4 297.4 302.5
14864 0.000 129.0 139.9 236.5 223.9
4293 1.000 91.3 25.9 311.2 266.4
3337 0.000 119.1 267.8 277.7 415.6
4455 0.000 148.8 439.6 319.4 360.0
4110 0.000 159.7 391.7 408.0 360.0
5519 0.000 112.5 138.4 213.7 221.5
9876 0.000 13.2 22.8 255.8 67.6
10532 0.000 189.8 60.3 266.5 138.5
4206 0.000 1.0 258.0 270.0 273.6
4213 0.000 63.9 125.9 158.1 216.7
14622 0.066 27.5 225.7 121.1 287.1
9127 0.000 128.3 1.0 338.3 348.9
10484 0.000 195.8 1.0 202.0 270.7
3928 0.000 1.0 103.9 244.8 179.1
14641 0.000 101.2 118.4 178.0 159.9
11138 0.000 187.3 1.0 202.0 242.8
11574 0.000 37.5 156.4 136.4 203.6
3897 0.000 90.2 132.5 259.3 166.3
9787 0.000 194.6 74.3 285.1 251.1
4643 0.000 180.0 1.0 360.0 96.5
14592 0.000 1.0 1.0 592.8 345.9
14915 0.000 176.7 134.3 258.7 259.7
14968 0.797 51.0 229.5 119.4 302.3
4419 0.000 80.4 18.5 157.6 78.3
5268 0.000 113.5 139.8 333.2 274.1
9170 0.000 1.0 120.2 184.3 314.2
11724 0.000 1.0 114.0 76.1 187.4
9789 0.000 1.0 164.9 215.1 193.7
14363 0.000 166.8 172.2 298.9 332.0
14545 0.000 24.6 121.2 115.0 196.1
4032 0.001 16.4 21.8 80.8 67.6
4444 0.000 190.2 1.0 270.0 66.2
4578 0.001 343.9 56.7 360.0 287.2
9320 0.000 108.2 53.0 194.5 227.7
4109 0.000 17.6 22.0 147.6 59.5
4241 0.141 130.2 230.8 222.4 266.8
13626 0.000 183.5 143.6 360.1 477.3
9315 0.012 25.0 257.3 109.1 356.1
14812 0.000 70.4 52.2 161.7 127.9
5935 0.001 1.0 249.3 79.3 320.0
5468 0.001 223.4 73.6 342.7 182.9
4202 0.821 67.7 188.7 125.9 246.1
4770 0.000 96.2 192.3 187.0 360.0
4836 0.005 188.4 45.5 310.1 143.3
4927 0.999 77.5 187.7 215.5 354.0
5741 0.002 56.9 151.6 136.8 237.5
3811 1.000 14.8 62.5 351.5 283.6
14558 0.000 3.2 36.5 122.8 61.0
14406 0.000 75.9 161.6 504.9 240.1
14673 0.999 40.9 180.0 336.6 352.7
5845 0.992 200.3 158.9 248.9 196.4
4955 0.143 67.3 210.7 146.9 262.7
87 0.000 140.3 213.9 281.2 360.0
889 0.097 196.6 109.5 249.8 156.1
2883 0.000 78.8 1.0 448.5 121.0
226 0.000 171.0 1.0 204.0 360.0
1741 0.001 108.7 105.9 431.7 352.8
202 0.008 134.1 97.9 229.6 255.5
1694 0.000 147.8 137.6 250.6 247.1
1286 0.000 108.0 211.0 255.5 333.6
859 0.060 22.1 195.2 105.6 241.1
1486 0.008 1.9 133.4 66.3 213.8
2135 0.000 279.2 1.0 360.0 351.4
1756 0.000 229.7 302.7 340.3 490.9
1023 0.000 157.6 1.0 269.5 176.4
2403 0.002 1.0 223.6 215.1 316.7
1840 0.000 1.0 42.6 290.5 164.4
2732 1.000 142.6 50.3 351.2 324.8
1169 0.000 6.4 106.5 313.4 165.6
2820 0.000 1.0 371.4 332.7 360.0
328 0.001 322.0 1.0 360.0 411.6
1256 0.000 203.8 196.8 280.0 298.9
1031 0.000 80.3 1.0 400.9 250.1
1418 0.999 55.0 127.3 157.5 213.1
2421 0.000 24.1 11.7 381.4 256.2
814 0.000 64.9 200.8 215.5 265.1
540 0.000 1.0 274.4 129.7 360.0
2289 0.000 140.8 48.2 246.1 132.2
877 0.000 146.1 124.6 253.4 277.4
2735 0.000 139.6 251.9 216.7 360.0
1835 0.012 25.7 227.3 103.4 296.9
776 0.001 1.0 130.1 340.9 421.1
1252 0.000 25.3 1.0 231.0 99.0
521 0.000 75.3 85.4 167.0 272.7
811 0.004 148.5 196.9 212.1 313.0
709 0.000 256.7 71.4 360.0 162.0
860 0.000 109.4 65.3 204.5 192.0
66 0.000 117.1 205.6 359.6 269.0
2092 0.000 45.8 89.6 185.0 301.1
900 0.000 257.8 96.6 322.7 209.6
2297 0.999 1.0 17.8 185.2 160.8
1266 0.001 119.4 201.0 219.2 297.1
2378 0.000 113.1 219.9 297.0 360.0
416 0.000 241.7 158.3 346.3 293.2
229 0.004 133.4 116.3 209.4 211.4
863 0.000 81.0 229.6 296.8 338.8
122 0.000 16.6 43.9 337.4 215.5
1805 0.061 8.2 257.7 78.5 327.3
274 0.000 139.9 308.7 390.4 360.0
1740 0.000 1.6 103.1 198.5 237.0
2970 0.000 133.1 1.0 201.0 360.0
895 0.151 253.0 118.7 351.4 221.3
1790 0.002 111.9 272.5 182.6 338.1
1710 0.000 141.8 37.4 281.9 233.2
972 0.003 4.4 125.4 170.8 243.8
1356 0.000 91.3 51.4 181.3 221.7
878 0.999 154.5 116.2 252.0 260.0
1620 0.065 136.7 213.7 198.7 331.1
2184 0.000 144.1 3.5 360.0 443.2
2684 0.057 13.6 136.8 128.6 221.6
295 0.000 29.5 152.2 179.3 243.4
804 0.077 137.4 26.1 207.7 86.5
2200 0.000 167.0 159.0 336.2 290.1
170 0.003 123.8 1.0 183.3 72.6
2406 0.000 1.0 65.8 91.4 85.3
204 0.999 88.7 73.8 352.6 320.7
276 0.000 241.5 1.0 360.0 332.0
850 0.000 191.8 43.4 336.9 127.8
575 0.010 67.7 87.8 147.2 280.9
2497 0.001 104.2 202.4 177.3 312.8
70 0.000 1.0 151.1 121.5 311.3
164 0.001 176.5 174.5 319.9 312.4
2059 0.000 22.1 10.4 239.4 439.1
1128 0.000 420.9 1.0 450.0 118.9
322 0.000 109.1 84.9 222.6 229.6
1842 0.000 140.2 16.8 276.3 114.2
1020 0.000 32.6 51.4 138.8 183.2
706 0.350 36.6 214.9 96.2 258.6
333 0.014 193.7 32.2 248.9 150.6
2567 0.000 127.5 126.5 208.2 277.1
1540 0.000 135.5 90.3 254.0 242.5
207 0.000 133.5 1.0 427.9 222.8
2216 0.001 93.8 290.3 254.9 375.6
1078 0.428 55.6 205.0 138.1 280.5
1013 0.000 1.0 274.4 75.0 323.1
1350 0.003 354.4 35.8 360.0 363.6
2051 0.000 15.1 128.5 278.0 370.8
2025 0.000 8.5 1.0 271.7 190.3
1043 0.056 81.9 199.8 162.3 246.7
563 0.008 87.2 22.6 314.3 282.5
2862 1.000 1.0 1.0 -365.0 360.0
2056 0.000 1.0 352.5 249.1 360.0
1642 0.000 3.9 1.0 152.2 28.8
1405 0.001 269.0 201.0 339.5 306.3
2307 0.000 15.7 276.7 356.8 405.2
1410 0.000 312.5 122.4 360.0 456.9
2028 0.205 78.0 213.4 134.1 292.5
640 0.172 216.7 212.3 336.1 399.4
27 0.000 27.3 1.0 109.4 115.8
1846 0.001 4.4 187.4 176.2 282.0
2612 0.000 13.7 55.4 102.2 95.7
2817 0.000 165.5 354.4 294.9 360.0
2488 0.002 100.6 116.4 255.9 291.8
601 0.002 68.6 1.0 415.5 325.8
34 0.000 134.7 135.6 270.0 198.0
187 0.029 118.7 245.1 188.1 328.2
511 0.000 138.7 116.3 288.7 279.8
1051 0.000 1.0 102.5 72.4 156.2
2914 0.003 1.0 54.9 80.0 130.8
2522 0.992 64.3 53.0 158.0 143.3
2098 0.003 1.0 155.0 74.7 237.2
1652 0.991 12.3 64.5 254.4 334.6
920 0.000 349.1 1.0 360.0 414.4
14 0.039 1.0 168.9 63.1 206.6
636 0.000 186.3 118.6 270.0 166.1
819 0.556 19.4 145.7 72.8 206.1
626 0.000 10.0 20.7 156.3 155.1
772 0.000 174.4 100.8 263.9 182.8
1852 0.149 148.5 174.9 230.9 251.8
71 0.000 1.0 38.7 121.4 61.3
1533 0.005 130.5 133.5 206.3 218.8
2093 0.000 50.6 99.9 365.7 205.7
1121 0.000 87.2 105.1 206.0 286.1
1521 0.000 1.0 286.5 148.5 342.7
1648 0.000 63.3 62.7 204.0 196.2
2036 0.000 289.3 1.0 360.0 368.7
2543 0.000 35.3 1.0 322.0 331.1
2642 0.000 344.8 57.0 360.0 323.4
211 0.000 173.5 1.0 376.3 278.6
2131 0.002 119.9 197.0 403.1 293.8
2482 0.003 47.4 37.7 201.8 91.7
449 0.002 125.0 115.8 267.5 269.5
2286 1.000 55.6 23.2 229.5 193.2
312 0.000 207.8 465.2 324.0 360.0
445 0.000 153.4 161.7 226.0 246.9
1025 1.000 2.6 80.6 168.4 195.4
1537 0.000 147.8 173.3 357.9 347.6
2967 0.000 156.2 1.0 201.0 360.0
292 0.001 193.9 108.8 383.4 360.0
363 0.000 105.4 67.9 308.0 370.4
1307 0.000 205.9 50.6 322.8 249.5
2649 0.000 193.1 56.5 355.6 271.4
468 0.119 273.3 153.4 375.1 233.3
2280 0.000 102.1 1.0 202.0 99.4
1991 0.000 192.3 1.0 201.0 289.5
2674 0.001 1.0 184.8 209.8 260.6
299 0.661 86.5 55.7 164.5 175.0
869 0.001 21.4 66.6 113.5 208.8
2632 0.000 363.6 1.0 360.0 209.5
750 0.000 220.9 53.3 202.0 255.7
699 0.001 226.4 91.3 287.3 188.0
2430 0.000 97.7 84.3 228.1 240.5
2050 0.000 164.5 327.1 340.6 360.0
902 0.001 280.0 153.1 376.1 259.5
2941 0.000 194.1 1.0 311.2 316.7
307 0.000 12.1 91.6 95.1 153.3
2490 0.000 192.1 1.0 202.0 240.5
132 0.000 330.7 64.1 360.0 287.0
1447 0.606 166.7 358.2 257.1 564.5
2641 0.000 112.3 213.9 243.4 360.0
188 0.000 86.8 313.4 266.8 360.0
2374 0.000 1.0 229.8 256.8 360.0
1351 0.000 146.1 79.7 311.2 223.8
892 0.000 1.0 269.3 97.5 311.0
2223 0.000 166.8 138.0 266.0 285.0
297 0.091 1.0 270.6 75.2 348.2
1091 0.000 168.6 112.9 229.4 217.7
1831 0.000 117.7 1.0 264.0 314.1
67 0.000 13.1 1.0 209.3 120.4
197 0.002 32.0 1.0 205.8 182.4
763 0.001 1.0 82.7 68.1 238.2
2932 0.002 55.5 263.1 143.9 329.9
2699 0.001 23.9 225.3 183.5 279.0
2527 0.000 220.5 124.6 310.6 294.9
1010 0.998 105.3 170.8 304.1 339.6
2274 0.000 154.2 130.3 267.1 188.1
2875 0.000 1.0 153.4 360.0 159.1
2954 0.000 137.7 1.0 201.0 164.7
1017 0.003 321.4 1.0 360.0 356.1
1804 0.000 358.1 34.8 360.0 442.2
1452 0.009 48.7 198.6 140.1 297.3
2463 0.080 18.3 187.2 98.0 262.8
629 0.002 188.7 1.0 202.0 207.2
2062 0.999 7.9 85.8 317.2 337.8
2288 0.000 186.0 1.0 202.0 268.1
1460 0.000 1.0 190.2 84.2 262.8
882 0.007 25.1 216.6 117.5 357.0
421 0.000 1.0 153.1 183.2 195.9
641 0.000 195.7 69.1 289.2 214.7
1083 0.167 4.5 5.1 186.4 162.4
439 0.000 76.6 1.0 211.5 106.2
2671 0.000 37.6 1.0 182.4 133.3
2258 0.000 1.0 288.9 283.5 314.0
424 0.586 95.1 191.6 200.4 265.2
2015 0.000 146.5 1.0 271.5 146.7
60 0.000 87.9 88.0 287.6 232.1
2631 0.000 85.2 1.0 274.5 193.6
2188 0.001 110.1 265.8 205.2 360.0
26 0.000 1.0 87.3 172.9 157.0
1207 0.000 147.3 328.1 322.1 360.0
2894 0.000 142.9 215.8 245.8 347.8
2789 0.000 190.2 34.9 275.5 180.1
429 0.000 38.1 130.9 270.0 266.0
1251 0.000 47.8 303.4 314.6 360.0
2030 0.001 331.3 1.0 360.0 405.1
28 0.000 470.1 30.1 360.0 162.3
771 0.001 53.6 11.1 254.0 126.3
184 0.000 273.2 49.4 270.0 322.1
2022 0.000 352.2 1.0 360.0 372.8
275 0.000 1.0 144.0 156.3 179.9
220 0.001 160.3 192.2 243.0 264.1
1306 0.000 26.7 301.2 160.2 360.0
394 0.000 93.3 12.2 247.5 261.8
849 0.000 41.0 78.3 127.1 360.0
38 0.000 135.5 9.7 361.9 311.4
2886 0.008 119.2 173.0 197.6 308.7
2677 0.000 227.6 122.1 337.2 257.8
1093 0.000 120.4 175.6 270.0 246.6
1863 1.000 7.7 263.6 236.4 355.2
905 0.000 142.1 1.0 297.9 166.1
427 0.000 152.1 187.0 414.4 335.6
778 0.000 170.0 1.0 202.0 171.7
586 0.001 44.5 175.5 112.4 276.1
271 0.003 39.1 119.0 260.5 252.7
485 0.000 229.4 75.2 341.1 153.5
1272 1.000 79.8 62.0 355.4 360.0
423 0.037 33.9 12.8 138.7 146.3
1471 0.001 174.1 1.0 201.0 211.6
862 0.000 47.8 84.5 133.5 213.2
2052 0.000 106.3 60.6 203.7 309.3
2169 0.004 349.6 14.3 360.0 304.5
2679 0.000 35.8 312.8 245.0 515.0
2911 0.000 59.7 270.0 222.1 360.0
1918 0.000 148.8 92.5 237.0 336.6
1811 1.000 2.2 158.7 113.5 197.5
2666 0.000 5.8 97.8 189.4 205.1
476 1.000 1.0 1.0 206.5 253.3
2128 0.004 20.7 52.7 91.9 123.6
2489 0.000 343.9 37.6 360.0 274.5
1289 0.012 181.5 159.4 245.3 241.0
261 0.001 76.5 57.3 186.4 211.7
1587 0.000 202.4 75.7 208.0 163.2
2088 0.022 10.1 269.3 384.3 454.8
1230 0.000 1.0 1.0 139.6 85.6
716 0.000 7.4 13.8 135.3 139.8
2107 0.044 217.8 25.1 360.0 120.2
731 0.000 31.6 243.4 160.8 298.9
1769 0.002 144.3 75.8 197.1 231.0
2102 0.002 77.3 135.7 267.4 238.0
258 0.000 166.9 146.2 360.0 281.0
505 0.004 23.8 8.4 165.0 117.6
2265 0.000 142.1 94.3 320.2 244.1
1559 0.017 29.9 1.0 200.5 148.9
921 0.000 1.0 1.0 350.9 151.4
2648 0.003 327.8 1.0 360.0 267.8
548 0.000 56.2 326.0 141.9 360.0
1201 0.002 224.9 1.0 342.7 214.6
1398 0.008 102.3 206.7 179.3 343.0
192 0.000 1.0 154.0 176.6 275.0
1839 0.003 140.9 197.2 218.9 303.1
2576 0.000 292.3 225.7 398.1 360.0
2209 0.001 106.2 122.9 202.0 197.6
2199 0.000 1.0 165.4 78.2 242.4
146 0.000 1.0 3.6 145.8 141.2
787 0.990 140.1 118.3 354.1 360.0
1318 0.932 25.5 208.5 78.9 325.7
2035 0.000 58.4 87.7 377.8 258.1
643 0.000 14.4 64.7 425.3 340.3
2749 0.000 101.4 168.4 186.9 249.2
680 0.001 163.7 188.6 252.4 300.9
1234 0.002 8.5 55.7 133.5 313.5
1322 0.002 47.4 246.3 114.1 328.3
2206 0.000 99.1 74.2 190.5 230.8
1279 0.000 179.3 1.0 270.0 201.0
167 1.000 1.0 69.9 270.0 78.5
1879 0.000 47.6 242.6 271.9 360.0
2473 0.000 111.4 46.6 279.8 231.3
82 0.000 277.8 53.6 270.0 111.3
1838 0.957 17.5 102.1 94.4 185.6
174 0.000 167.8 168.9 281.5 343.2
2683 0.000 163.4 93.4 348.1 232.9
532 0.001 271.9 255.0 390.0 398.9
351 0.000 1.0 136.2 336.1 243.8
738 0.000 165.7 313.6 360.8 360.0
72 0.010 29.1 209.1 99.3 324.5
18 0.000 11.2 1.0 319.4 116.5
1899 0.996 162.4 78.2 367.4 360.0
749 0.001 69.0 179.2 170.8 230.1
2285 0.000 229.7 92.5 311.8 311.3
414 0.004 86.4 73.4 202.9 310.1
2821 0.333 21.6 169.5 77.0 313.4
256 0.001 69.6 292.8 282.8 360.0
1890 0.000 133.2 141.1 315.2 337.1
2176 0.003 297.8 1.0 360.0 343.6
2955 0.000 165.9 281.4 380.2 360.0
227 0.882 177.8 222.5 232.7 268.2
22 0.000 41.1 249.5 377.8 360.0
2801 0.000 194.6 125.4 202.0 212.9
852 0.019 1.0 203.3 117.4 310.4
2878 0.000 127.6 122.7 319.1 281.4
868 0.000 147.3 119.0 231.9 232.3
474 0.000 218.7 150.0 368.4 244.5
471 0.000 141.1 94.9 340.1 265.6
2805 0.000 16.5 237.9 298.2 342.7
826 0.000 64.1 1.0 363.3 165.9
1173 0.999 12.2 41.6 263.7 258.4
1497 0.002 140.5 255.7 453.3 339.1
392 0.000 1.0 309.2 360.0 318.4
355 0.000 10.0 1.0 93.9 57.9
1646 0.003 1.0 163.2 158.5 191.7
886 0.000 10.7 135.5 148.4 234.8
2822 0.001 197.2 21.6 202.0 165.5
1082 0.000 13.5 25.4 125.4 86.0
1827 0.000 171.4 147.6 250.3 267.0
417 0.005 153.8 132.3 244.7 185.7
1014 0.000 106.4 20.9 405.2 213.3
2903 0.996 10.1 27.6 233.5 241.9
1634 0.001 55.1 27.8 360.1 261.5
740 0.000 102.5 186.4 308.4 272.8
97 0.220 1.0 267.8 50.7 332.2
1613 0.263 98.1 147.4 173.2 223.8
1196 0.000 74.7 27.5 243.1 195.0
949 0.000 164.1 1.0 243.3 215.1
2244 0.001 32.1 215.1 97.3 312.4
839 0.000 123.1 70.4 254.7 111.2
2369 0.000 219.2 34.8 336.1 136.4
2182 0.006 344.1 104.1 360.0 336.3
420 0.629 1.0 94.2 103.0 167.4
1064 0.000 4.4 244.0 84.8 336.6
837 0.002 230.0 83.8 322.6 226.3
2006 0.000 128.4 99.4 231.4 243.7
554 0.000 345.4 1.0 360.0 398.8
1004 0.029 21.7 200.6 87.2 241.7
1358 0.000 21.3 122.7 187.3 213.8
1 0.003 120.6 365.4 261.8 424.6
2917 0.000 130.6 116.3 264.8 263.6
928 0.000 18.2 132.0 295.6 249.3
827 0.000 35.8 1.0 117.5 90.8
2681 0.009 70.8 168.5 141.2 272.1
1554 0.000 189.1 6.3 202.0 220.9
1802 0.000 316.9 1.0 360.0 334.6
29 0.999 98.4 87.0 255.6 244.9
745 0.000 114.0 129.8 201.0 179.2
613 0.110 72.9 42.4 236.6 152.1
1493 0.000 190.6 1.0 298.5 267.6
1975 0.000 45.8 128.9 256.5 354.1
2129 0.000 29.3 82.5 122.9 239.1
45 0.000 63.9 1.0 203.0 195.4
2750 0.000 158.9 171.6 243.7 360.0
364 0.000 4.6 181.6 265.1 218.4
2437 0.000 1.0 426.7 111.5 360.0
2506 0.000 448.6 218.1 450.0 512.7
1015 0.000 1.0 355.8 383.6 360.0
1067 0.001 120.4 1.0 417.7 320.8
1301 0.000 232.8 37.8 297.5 290.7
106 0.331 138.1 193.6 198.0 309.8
1966 0.000 1.0 112.7 266.8 177.1
926 0.327 85.9 61.0 171.4 214.6
684 0.000 98.4 133.0 214.7 174.3
480 0.022 83.2 114.9 199.1 192.3
693 0.000 1.0 197.2 202.1 280.7
1047 0.000 139.1 264.3 360.0 337.5
323 0.000 161.5 238.3 240.2 360.0
54 0.000 1.0 1.0 202.0 125.0
2365 0.002 127.6 1.7 182.1 129.3
1239 0.000 141.3 60.9 229.4 266.0
2656 0.000 335.8 152.4 493.2 425.6
1466 0.000 159.0 1.0 202.0 231.4
182 0.000 83.5 233.5 323.4 382.6
2569 0.000 185.6 370.7 345.5 360.0
290 0.000 88.0 421.5 194.9 360.0
2069 0.999 166.8 172.8 334.9 325.4
2768 0.000 140.9 116.8 324.0 275.3
1200 0.002 33.9 240.6 109.2 324.9
244 0.000 18.2 357.1 360.0 423.1
2105 0.000 184.0 73.8 360.0 468.7
2831 0.000 27.1 765.7 216.0 360.0
2697 0.597 125.3 242.0 190.9 325.2
2357 0.000 135.4 72.5 288.8 132.8
808 0.005 1.0 30.6 274.8 142.8
2117 0.000 174.6 133.9 360.0 217.2
1704 0.001 124.3 54.7 323.7 281.2
897 0.000 303.9 248.8 389.0 331.9
2840 0.016 25.2 47.6 90.8 145.2
665 0.000 80.6 54.1 317.3 224.9
2273 0.000 150.9 135.0 339.1 303.1
55 0.000 13.8 1.0 191.0 87.1
2003 0.001 340.5 1.0 360.0 397.7
623 0.000 286.0 51.8 384.0 275.7
1331 0.069 45.9 64.9 147.6 111.3
2599 0.001 262.1 143.2 391.8 335.0
262 0.000 61.7 39.9 250.6 212.5
330 0.000 138.4 44.1 202.0 153.8
2834 0.027 33.4 160.3 143.7 266.9
1565 0.000 179.3 124.2 268.6 311.7
1716 0.000 1.0 142.0 407.7 240.0
2065 0.040 38.7 267.2 129.0 351.5
795 0.000 45.5 154.6 165.5 280.2
1699 0.000 169.3 1.0 395.4 111.1
98 0.016 52.6 109.8 205.5 271.1
2104 0.994 10.0 49.3 172.9 202.2
2496 0.002 281.2 201.5 348.7 357.3
820 0.001 95.1 146.6 155.2 198.4
1066 0.000 107.6 10.4 201.3 63.3
1284 0.000 2.4 97.0 196.4 242.7
501 0.000 239.7 208.5 316.8 349.0
48 0.000 120.5 224.2 226.7 360.0
1054 0.084 299.6 256.9 364.8 321.2
2835 0.000 94.7 248.3 182.6 308.7
340 0.743 31.3 21.0 89.0 84.5
1231 0.001 49.6 126.3 123.2 270.1
1551 0.000 322.2 1.0 360.0 402.1
1070 0.000 1.0 113.0 227.1 190.9
1614 0.000 225.4 100.0 360.0 201.4
441 0.000 130.2 1.0 360.0 385.3
63 0.053 52.5 169.1 122.2 269.7
1483 0.000 58.4 266.3 145.8 322.2
2852 0.001 225.4 119.8 357.5 319.4
9 0.000 143.7 141.9 336.6 360.0
1640 0.001 182.1 1.0 333.1 286.1
296 0.000 181.5 117.1 270.0 243.7
1673 0.001 311.1 281.2 378.7 360.0
1044 0.000 1.0 137.5 121.8 170.7
1627 0.000 99.4 50.3 167.3 148.2
10 0.000 247.4 102.6 365.8 227.3
2662 0.115 1.5 174.0 161.5 323.5
378 0.018 210.5 172.1 284.7 261.7
489 0.000 1.0 140.7 120.3 223.8
509 0.000 244.0 188.0 389.3 323.7
577 0.004 193.9 69.9 258.6 119.9
1357 0.000 24.2 165.2 269.3 405.2
148 0.000 114.6 72.9 278.0 281.3
2669 0.000 250.8 36.6 485.8 174.9
2212 0.818 21.8 106.8 65.6 174.3
1823 1.000 110.6 110.4 354.8 343.8
891 0.015 55.7 229.9 130.6 305.2
241 0.000 16.2 9.2 233.8 166.6
1233 0.000 31.5 140.8 200.5 284.1
469 0.661 200.4 193.6 360.6 293.7
2204 0.001 11.8 28.9 99.5 65.5
2933 0.000 167.0 284.4 245.8 360.0
2306 0.193 50.2 17.7 126.8 123.4
2491 0.000 76.2 274.4 168.8 322.8
1221 0.000 1.0 144.2 200.8 347.7
443 0.000 88.2 41.5 268.7 229.9
2544 0.000 99.4 432.8 382.7 600.0
61 0.000 43.7 1.0 204.5 264.8
108 0.000 15.5 265.5 103.2 360.0
380 0.001 328.1 1.0 360.0 398.1
2156 0.002 54.1 167.9 151.5 327.0
2291 0.000 47.0 73.1 145.6 270.6
2551 0.000 68.8 207.4 156.2 303.2
2248 0.000 1.0 341.8 101.2 360.0
1530 0.001 156.7 102.7 290.6 325.4
2758 0.000 181.0 165.2 257.4 339.9
2395 0.001 134.8 275.2 210.0 337.4
2896 0.001 207.7 183.2 304.6 282.2
1061 0.000 106.7 74.8 224.5 178.6
531 0.001 1.0 130.6 75.9 221.5
23 0.002 32.6 61.3 101.7 119.1
1174 0.000 1.0 73.0 270.0 143.0
3 0.000 26.7 78.9 222.8 291.3
1729 0.001 36.3 282.6 227.3 333.9
147 0.000 216.7 22.1 309.2 120.6
109 0.000 285.4 134.1 368.2 228.1
186 0.004 252.2 361.2 366.3 506.4
2925 0.000 150.6 291.1 326.4 415.6
2464 0.001 49.7 26.9 118.9 83.0
2388 0.001 140.6 95.2 307.2 278.6
1463 0.000 56.1 229.4 218.5 305.0
2843 0.000 192.7 80.0 293.2 162.7
2479 0.000 130.5 156.2 249.3 258.9
2390 0.998 1.0 234.2 240.0 348.4
2024 0.026 16.4 52.1 175.2 143.9
324 0.993 108.7 56.3 327.3 360.0
1502 0.000 169.5 138.0 270.0 228.1
857 0.000 194.7 207.2 331.4 345.5
2912 0.003 63.1 292.1 195.9 441.5
2763 0.000 33.4 137.4 133.3 207.8
2988 0.000 1.0 134.6 229.7 245.6
2046 0.000 116.9 298.2 265.6 360.0
1304 0.000 331.5 1.0 360.0 432.4
1076 0.000 1.0 288.8 559.2 360.0
981 0.000 13.5 25.4 125.4 86.0
2309 0.000 258.5 139.1 328.6 292.8
1368 0.000 30.4 1.0 289.5 70.9
2407 0.000 46.9 76.7 270.0 210.2
652 0.655 39.4 292.3 232.9 502.4
2417 0.000 141.3 30.6 244.5 102.3
385 0.004 108.6 60.2 259.0 253.7
694 0.003 48.5 148.5 266.5 251.0
1263 0.000 189.9 24.1 295.4 257.9
2859 0.000 4.2 62.0 113.8 233.5
2256 0.000 278.3 135.8 360.0 417.2
2949 0.321 110.3 214.9 163.5 317.3
879 0.974 63.3 123.4 260.9 239.8
2078 0.000 351.1 1.0 360.0 287.6
2512 0.000 113.9 82.4 186.2 283.1
1643 0.000 199.2 196.4 274.5 288.1
25 0.000 1.4 21.3 140.3 124.1
472 0.029 39.4 218.2 101.3 285.6
864 1.000 105.3 35.9 287.8 290.7
1948 0.000 12.9 31.3 109.9 101.8
2850 0.006 138.7 210.5 210.8 308.0
2281 0.001 315.5 180.7 426.9 380.5
1389 0.000 82.6 83.4 363.9 250.9
44 0.015 45.0 105.0 132.8 145.1
2655 0.535 107.5 119.7 155.3 210.0
1136 0.000 14.1 1.0 347.7 252.0
1198 0.000 1.0 116.8 175.9 341.5
1260 0.000 188.2 119.4 270.0 216.4
397 0.001 145.5 125.4 285.1 318.0
120 0.000 207.4 15.9 360.0 238.0
2149 0.000 14.2 218.9 86.3 360.0
2359 0.000 135.4 72.5 288.8 132.8
2653 0.001 126.9 124.0 211.9 260.0
206 0.000 132.1 100.3 258.8 201.7
568 0.014 159.9 277.4 240.9 334.3
2360 0.000 150.6 3.2 276.4 212.5
2685 0.000 33.5 203.0 264.7 360.0
255 0.205 57.6 159.4 142.8 237.5
2168 1.000 1.0 353.3 -5.6 360.0
2211 0.001 303.9 1.0 360.0 356.1
2094 0.000 42.4 101.7 123.0 200.7
566 0.000 9.6 186.7 354.1 273.3
36 1.000 1.0 1.0 270.0 360.0
2032 0.002 274.0 138.7 355.9 274.1
304 1.000 113.6 112.5 255.6 219.9
2520 0.000 7.2 208.9 136.7 288.8
534 0.003 238.2 264.8 360.0 329.6
455 0.000 187.9 1.0 202.0 239.2
728 0.004 6.0 138.2 313.9 332.9
2466 0.000 175.6 183.8 272.1 357.2
549 0.000 1.0 9.1 147.7 90.0
2347 0.000 321.0 125.5 360.0 351.1
729 0.000 43.6 21.0 164.4 360.0
456 0.000 14.8 53.8 122.3 120.5
537 0.000 83.7 198.0 376.9 297.0
612 0.001 355.9 21.7 360.0 280.3
40 0.210 34.9 166.9 87.6 300.6
840 0.000 97.1 70.1 171.4 125.0
723 0.000 7.6 276.4 360.0 325.1
462 0.000 364.8 40.4 360.0 152.4
2483 0.000 265.6 85.6 350.9 343.0
2468 0.000 111.4 46.6 279.8 231.3
2386 0.001 86.5 71.4 335.7 282.8
2670 0.003 1.0 106.3 92.2 194.0
1675 0.000 22.1 267.3 360.0 386.6
2509 0.000 45.5 22.6 163.8 77.2
493 0.001 210.7 211.7 351.1 334.7
1539 0.012 44.3 79.0 148.4 111.7
1534 0.000 48.4 124.9 268.0 283.0
2120 0.000 1.0 418.2 164.1 360.0
513 0.003 16.6 224.6 133.9 263.4
1297 0.000 451.6 182.7 653.6 434.2
1798 0.000 1.0 97.0 65.6 137.0
1288 0.000 104.7 105.9 360.0 222.8
2457 0.002 144.9 104.9 300.3 287.3
118 0.015 116.1 268.0 212.6 335.7
74 0.001 94.6 62.5 162.4 212.1
2053 0.574 145.7 187.3 220.2 314.2
8 0.000 251.9 68.8 340.6 162.8
145 0.051 129.3 235.9 211.6 324.9
735 0.001 40.4 179.7 159.1 305.5
622 0.000 58.2 303.9 252.2 360.0
2897 0.000 294.6 331.3 384.5 360.0
89 0.000 156.5 320.5 267.1 360.0
156 0.000 1.6 142.2 123.8 221.9
1464 0.000 1.0 277.3 74.7 324.5
2042 0.281 210.5 268.9 281.2 339.1
686 0.000 9.5 1.0 270.0 130.9
2853 0.000 1.0 184.3 258.1 360.0
300 0.000 49.0 213.3 277.0 246.5
1254 0.000 238.8 1.0 270.0 266.4
673 0.000 1.0 2.4 202.0 183.2
2665 0.000 1.0 5.7 92.5 50.2
149 0.046 15.2 252.6 92.1 342.0
495 0.000 42.6 308.2 175.1 525.1
1257 0.054 9.1 88.1 66.4 152.9
2416 0.978 72.3 40.8 171.7 213.6
1693 0.263 98.1 147.4 173.2 223.8
635 0.001 144.1 68.4 262.0 218.4
1018 1.000 92.5 421.1 233.2 360.0
1222 0.001 48.8 125.3 210.9 199.3
2282 0.000 1.0 140.7 181.1 221.6
311 0.157 26.6 129.8 109.7 267.0
2414 0.000 272.5 54.6 202.0 197.6
2865 0.000 13.7 209.2 286.7 317.0
2495 0.000 186.0 1.0 202.0 268.1
1624 0.001 1.0 4.5 265.8 116.0
885 0.000 246.6 101.4 312.4 227.0
59 0.000 35.0 1.0 332.4 158.8
2247 0.988 128.2 60.6 302.9 295.4
854 0.000 36.9 141.0 270.0 252.4
1215 0.000 121.4 227.1 323.1 353.5
217 0.000 14.7 222.8 115.0 312.0
646 0.307 178.8 268.6 258.9 337.6
1678 1.000 66.7 22.9 284.1 268.9
1033 0.000 155.7 43.1 281.6 244.7
2606 0.003 153.6 1.0 245.6 153.8
1223 1.000 72.1 64.7 256.5 249.0
1610 0.000 65.2 242.9 144.3 329.0
2478 0.000 131.3 78.6 258.1 204.0
35 0.000 1.0 182.1 103.7 238.2
95 0.952 95.1 168.3 159.8 265.1
1871 0.000 52.8 200.8 313.1 396.2
1203 0.001 181.6 1.0 202.0 203.4
257 0.000 1.0 121.6 156.8 230.8
1411 0.000 201.4 1.0 202.0 233.3
2639 0.003 11.4 254.3 121.2 342.8
2225 0.000 9.4 182.7 181.0 306.1
201 0.667 63.2 165.4 115.2 269.7
369 0.000 338.4 264.4 360.0 381.8
481 0.000 1.0 89.5 155.7 203.8
494 0.000 172.4 89.1 266.2 223.4
2255 0.000 214.8 268.5 411.8 354.4
1453 0.000 46.1 73.4 247.3 266.1
119 1.000 52.6 197.9 178.0 267.2
2373 0.000 271.8 213.1 266.0 280.9
2396 0.000 11.9 310.3 357.1 360.0
2308 0.003 230.0 178.0 299.3 305.5
2020 0.000 1.0 127.0 201.0 213.7
2916 0.000 3.2 135.9 100.7 255.4
2952 0.157 48.2 169.6 125.5 288.7
478 0.001 348.1 1.0 360.0 173.3
2130 1.000 97.0 81.9 199.7 205.3
597 0.000 95.3 1.0 216.7 109.3
